DocumentID,Label,LabelID,Topic_1,Topic_2,Topic_3,Topic_4,Topic_5,Topic_6,Topic_7,Topic_8,Topic_9,Topic_10,Topic_11,Topic_12,Topic_13,Topic_14,Topic_15,Topic_16,Topic_17,Topic_18,Topic_19,Topic_20,Topic_21,Topic_22,Topic_23,Topic_24,Topic_25,Topic_26,Topic_27,Topic_28,Topic_29,Topic_30,Topic_31,Topic_32,Topic_33,Topic_34,Topic_35,Topic_36,Topic_37,Topic_38,Topic_39,Topic_40,Topic_41,Topic_42,Topic_43,Topic_44,Topic_45,Topic_46,Topic_47,Topic_48,Topic_49,Topic_50,Topic_51,Topic_52
8042410,108,0,0.00029139008,0.00029139008,0.00029139008,0.00029139008,0.00029139008,0.00029139008,0.00029139008,0.00029139008,0.00029139008,0.00029139008,0.00029139008,0.00029139008,0.00029139008,0.00029139008,0.00029139008,0.00029139008,0.6117159,0.00029139008,0.00029139008,0.20617704,0.00029139008,0.00029139008,0.00029139008,0.00029139008,0.00029139008,0.00029139008,0.00029139008,0.00029139008,0.00029139008,0.00029139008,0.00029139008,0.00029139008,0.00029139008,0.00029139008,0.00029139008,0.00029139008,0.00029139008,0.00029139008,0.00029139008,0.00029139008,0.00029139008,0.00029139008,0.00029139008,0.00029139008,0.00029139008,0.00029139008,0.00029139008,0.00029139008,0.00029139008,0.00029139008,0.00029139008,0.16782941
8132718,108,0,0.00020458834,0.9895644,0.00020458834,0.00020458834,0.00020458834,0.00020458834,0.00020458834,0.00020458834,0.00020458834,0.00020458834,0.00020458834,0.00020458834,0.00020458834,0.00020458834,0.00020458834,0.00020458834,0.00020458834,0.00020458834,0.00020458834,0.00020458834,0.00020458834,0.00020458834,0.00020458834,0.00020458834,0.00020458834,0.00020458834,0.00020458834,0.00020458834,0.00020458834,0.00020458834,0.00020458834,0.00020458834,0.00020458834,0.00020458834,0.00020458834,0.00020458834,0.00020458834,0.00020458834,0.00020458834,0.00020458834,0.00020458834,0.00020458834,0.00020458834,0.00020458834,0.00020458834,0.00020458834,0.00020458834,0.00020458834,0.00020458834,0.00020458834,0.00020458834,0.00020458834
8673465,108,0,0.00021853743,0.00021853743,0.00021853743,0.00021853743,0.00021853743,0.00021853743,0.00021853743,0.00021853743,0.00021853743,0.00021853743,0.00021853743,0.00021853743,0.00021853743,0.00021853743,0.00021853743,0.00021853743,0.00021853743,0.95684636,0.00021853743,0.00021853743,0.00021853743,0.00021853743,0.00021853743,0.00021853743,0.00021853743,0.00021853743,0.00021853743,0.00021853743,0.00021853743,0.00021853743,0.00021853743,0.00021853743,0.00021853743,0.00021853743,0.00021853743,0.00021853743,0.00021853743,0.00021853743,0.00021853743,0.00021853743,0.00021853743,0.00021853743,0.00021853743,0.00021853743,0.00021853743,0.00021853743,0.00021853743,0.00021853743,0.00021853743,0.03222575,0.00021853743,0.00021853743
8707050,108,0,0.00033157467,0.00033157467,0.00033157467,0.00033157467,0.00033157467,0.00033157467,0.00033157467,0.00033157467,0.00033157467,0.00033157467,0.00033157467,0.00033157467,0.00033157467,0.00033157467,0.00033157467,0.00033157467,0.00033157467,0.9830902,0.00033157467,0.00033157467,0.00033157467,0.00033157467,0.00033157467,0.00033157467,0.00033157467,0.00033157467,0.00033157467,0.00033157467,0.00033157467,0.00033157467,0.00033157467,0.00033157467,0.00033157467,0.00033157467,0.00033157467,0.00033157467,0.00033157467,0.00033157467,0.00033157467,0.00033157467,0.00033157467,0.00033157467,0.00033157467,0.00033157467,0.00033157467,0.00033157467,0.00033157467,0.00033157467,0.00033157467,0.00033157467,0.00033157467,0.00033157467
9175625,108,0,0.00021853608,0.00021853608,0.00021853608,0.00021853608,0.00021853608,0.00021853608,0.00021853608,0.00021853608,0.00021853608,0.00021853608,0.00021853608,0.00021853608,0.00021853608,0.00021853608,0.00021853608,0.00021853608,0.00021853608,0.00021853608,0.00021853608,0.9888536,0.00021853608,0.00021853608,0.00021853608,0.00021853608,0.00021853608,0.00021853608,0.00021853608,0.00021853608,0.00021853608,0.00021853608,0.00021853608,0.00021853608,0.00021853608,0.00021853608,0.00021853608,0.00021853608,0.00021853608,0.00021853608,0.00021853608,0.00021853608,0.00021853608,0.00021853608,0.00021853608,0.00021853608,0.00021853608,0.00021853608,0.00021853608,0.00021853608,0.00021853608,0.00021853608,0.00021853608,0.00021853608
9245791,108,0,0.00043706712,0.00043706712,0.00043706712,0.00043706712,0.00043706712,0.00043706712,0.00043706712,0.00043706712,0.00043706712,0.00043706712,0.00043706712,0.00043706712,0.00043706712,0.00043706712,0.00043706712,0.00043706712,0.00043706712,0.00043706712,0.00043706712,0.00043706712,0.00043706712,0.00043706712,0.00043706712,0.00043706712,0.00043706712,0.00043706712,0.00043706712,0.00043706712,0.00043706712,0.00043706712,0.00043706712,0.00043706712,0.00043706712,0.00043706712,0.00043706712,0.00043706712,0.00043706712,0.00043706712,0.00043706712,0.00043706712,0.00043706712,0.00043706712,0.00043706712,0.00043706712,0.00043706712,0.00043706712,0.97770965,0.00043706712,0.00043706712,0.00043706712,0.00043706712,0.00043706712
9346876,108,0,0.00022625572,0.00022625572,0.00022625572,0.00022625572,0.00022625572,0.00022625572,0.00022625572,0.00022625572,0.00022625572,0.00022625572,0.00022625572,0.00022625572,0.00022625572,0.00022625572,0.00022625572,0.00022625572,0.00022625572,0.00022625572,0.00022625572,0.00022625572,0.00022625572,0.00022625572,0.00022625572,0.00022625572,0.00022625572,0.00022625572,0.00022625572,0.00022625572,0.00022625572,0.00022625572,0.00022625572,0.00022625572,0.00022625572,0.00022625572,0.98846036,0.00022625572,0.00022625572,0.00022625572,0.00022625572,0.00022625572,0.00022625572,0.00022625572,0.00022625572,0.00022625572,0.00022625572,0.00022625572,0.00022625572,0.00022625572,0.00022625572,0.00022625572,0.00022625572,0.00022625572
9352931,108,0,0.0002434356,0.0002434356,0.0002434356,0.0002434356,0.0002434356,0.0002434356,0.0002434356,0.0002434356,0.0002434356,0.0002434356,0.0002434356,0.0002434356,0.0002434356,0.0002434356,0.0002434356,0.0002434356,0.0002434356,0.0002434356,0.0002434356,0.0002434356,0.0002434356,0.0002434356,0.0002434356,0.0002434356,0.0002434356,0.0002434356,0.0002434356,0.0002434356,0.98758394,0.0002434356,0.0002434356,0.0002434356,0.0002434356,0.0002434356,0.0002434356,0.0002434356,0.0002434356,0.0002434356,0.0002434356,0.0002434356,0.0002434356,0.0002434356,0.0002434356,0.0002434356,0.0002434356,0.0002434356,0.0002434356,0.0002434356,0.0002434356,0.0002434356,0.0002434356,0.0002434356
9591694,108,0,0.00020678985,0.00020678985,0.9894522,0.00020678985,0.00020678985,0.00020678985,0.00020678985,0.00020678985,0.00020678985,0.00020678985,0.00020678985,0.00020678985,0.00020678985,0.00020678985,0.00020678985,0.00020678985,0.00020678985,0.00020678985,0.00020678985,0.00020678985,0.00020678985,0.00020678985,0.00020678985,0.00020678985,0.00020678985,0.00020678985,0.00020678985,0.00020678985,0.00020678985,0.00020678985,0.00020678985,0.00020678985,0.00020678985,0.00020678985,0.00020678985,0.00020678985,0.00020678985,0.00020678985,0.00020678985,0.00020678985,0.00020678985,0.00020678985,0.00020678985,0.00020678985,0.00020678985,0.00020678985,0.00020678985,0.00020678985,0.00020678985,0.00020678985,0.00020678985,0.00020678985
10100328,108,0,0.00027087054,0.00027087054,0.00027087054,0.00027087054,0.00027087054,0.00027087054,0.00027087054,0.00027087054,0.00027087054,0.00027087054,0.00027087054,0.00027087054,0.1596382,0.00027087054,0.00027087054,0.00027087054,0.00027087054,0.00027087054,0.00027087054,0.00027087054,0.00027087054,0.00027087054,0.00027087054,0.00027087054,0.00027087054,0.00027087054,0.00027087054,0.00027087054,0.00027087054,0.00027087054,0.00027087054,0.8268174,0.00027087054,0.00027087054,0.00027087054,0.00027087054,0.00027087054,0.00027087054,0.00027087054,0.00027087054,0.00027087054,0.00027087054,0.00027087054,0.00027087054,0.00027087054,0.00027087054,0.00027087054,0.00027087054,0.00027087054,0.00027087054,0.00027087054,0.00027087054
10531012,108,0,0.0002136838,0.0002136838,0.0002136838,0.0002136838,0.0002136838,0.0002136838,0.0002136838,0.0002136838,0.0002136838,0.0002136838,0.0002136838,0.0002136838,0.0002136838,0.0002136838,0.0002136838,0.0002136838,0.0002136838,0.0002136838,0.0002136838,0.0002136838,0.0002136838,0.0002136838,0.0002136838,0.0002136838,0.0002136838,0.0002136838,0.0002136838,0.0002136838,0.0002136838,0.0002136838,0.0002136838,0.0002136838,0.0002136838,0.0002136838,0.9891016,0.0002136838,0.0002136838,0.0002136838,0.0002136838,0.0002136838,0.0002136838,0.0002136838,0.0002136838,0.0002136838,0.0002136838,0.0002136838,0.0002136838,0.0002136838,0.0002136838,0.0002136838,0.0002136838,0.0002136838
10700148,108,0,0.00058278826,0.00058278826,0.00058278826,0.00058278826,0.00058278826,0.00058278826,0.00058278826,0.00058278826,0.00058278826,0.00058278826,0.00058278826,0.00058278826,0.00058278826,0.00058278826,0.00058278826,0.00058278826,0.00058278826,0.49484903,0.00058278826,0.00058278826,0.12374338,0.00058278826,0.00058278826,0.00058278826,0.00058278826,0.00058278826,0.00058278826,0.00058278826,0.00058278826,0.00058278826,0.00058278826,0.00058278826,0.00058278826,0.00058278826,0.111243196,0.13819885,0.00058278826,0.00058278826,0.00058278826,0.00058278826,0.00058278826,0.00058278826,0.10457532,0.00058278826,0.00058278826,0.00058278826,0.00058278826,0.00058278826,0.00058278826,0.00058278826,0.00058278826,0.00058278826
10725388,108,0,0.00020903566,0.00020903566,0.00020903566,0.00020903566,0.00020903566,0.00020903566,0.00020903566,0.00020903566,0.00020903566,0.00020903566,0.00020903566,0.00020903566,0.00020903566,0.00020903566,0.00020903566,0.00020903566,0.00020903566,0.00020903566,0.00020903566,0.00020903566,0.00020903566,0.00020903566,0.00020903566,0.00020903566,0.00020903566,0.00020903566,0.00020903566,0.00020903566,0.00020903566,0.00020903566,0.00020903566,0.00020903566,0.00020903566,0.00020903566,0.00020903566,0.00020903566,0.00020903566,0.00020903566,0.00020903566,0.00020903566,0.00020903566,0.00020903566,0.00020903566,0.00020903566,0.00020903566,0.00020903566,0.00020903566,0.00020903566,0.00020903566,0.9893391,0.00020903566,0.00020903566
10969025,108,0,0.00027473154,0.00027473154,0.00027473154,0.00027473154,0.00027473154,0.00027473154,0.98598677,0.00027473154,0.00027473154,0.00027473154,0.00027473154,0.00027473154,0.00027473154,0.00027473154,0.00027473154,0.00027473154,0.00027473154,0.00027473154,0.00027473154,0.00027473154,0.00027473154,0.00027473154,0.00027473154,0.00027473154,0.00027473154,0.00027473154,0.00027473154,0.00027473154,0.00027473154,0.00027473154,0.00027473154,0.00027473154,0.00027473154,0.00027473154,0.00027473154,0.00027473154,0.00027473154,0.00027473154,0.00027473154,0.00027473154,0.00027473154,0.00027473154,0.00027473154,0.00027473154,0.00027473154,0.00027473154,0.00027473154,0.00027473154,0.00027473154,0.00027473154,0.00027473154,0.00027473154
12217649,108,0,0.00029139427,0.00029139427,0.40368834,0.00029139427,0.00029139427,0.00029139427,0.00029139427,0.00029139427,0.00029139427,0.00029139427,0.00029139427,0.00029139427,0.00029139427,0.00029139427,0.00029139427,0.00029139427,0.00029139427,0.00029139427,0.00029139427,0.00029139427,0.00029139427,0.00029139427,0.00029139427,0.00029139427,0.00029139427,0.00029139427,0.00029139427,0.00029139427,0.00029139427,0.00029139427,0.00029139427,0.00029139427,0.00029139427,0.00029139427,0.00029139427,0.00029139427,0.00029139427,0.00029139427,0.00029139427,0.00029139427,0.00029139427,0.00029139427,0.00029139427,0.00029139427,0.00029139427,0.00029139427,0.00029139427,0.00029139427,0.00029139427,0.26805222,0.31398174,0.00029139427
12297500,108,0,0.00020243395,0.00020243395,0.00020243395,0.00020243395,0.00020243395,0.00020243395,0.00020243395,0.00020243395,0.00020243395,0.00020243395,0.00020243395,0.00020243395,0.00020243395,0.00020243395,0.00020243395,0.00020243395,0.00020243395,0.00020243395,0.00020243395,0.00020243395,0.00020243395,0.00020243395,0.00020243395,0.00020243395,0.00020243395,0.00020243395,0.00020243395,0.00020243395,0.00020243395,0.00020243395,0.00020243395,0.00020243395,0.00020243395,0.00020243395,0.00020243395,0.00020243395,0.00020243395,0.00020243395,0.00020243395,0.00020243395,0.00020243395,0.00020243395,0.00020243395,0.00020243395,0.00020243395,0.00020243395,0.00020243395,0.00020243395,0.00020243395,0.9896758,0.00020243395,0.00020243395
12415118,108,0,0.00024975903,0.00024975903,0.00024975903,0.00024975903,0.00024975903,0.00024975903,0.00024975903,0.00024975903,0.00024975903,0.00024975903,0.00024975903,0.00024975903,0.00024975903,0.00024975903,0.00024975903,0.00024975903,0.00024975903,0.00024975903,0.00024975903,0.00024975903,0.00024975903,0.00024975903,0.9872611,0.00024975903,0.00024975903,0.00024975903,0.00024975903,0.00024975903,0.00024975903,0.00024975903,0.00024975903,0.00024975903,0.00024975903,0.00024975903,0.00024975903,0.00024975903,0.00024975903,0.00024975903,0.00024975903,0.00024975903,0.00024975903,0.00024975903,0.00024975903,0.00024975903,0.00024975903,0.00024975903,0.00024975903,0.00024975903,0.00024975903,0.00024975903,0.00024975903,0.00024975903
12417022,108,0,0.0002870334,0.0002870334,0.0002870334,0.0002870334,0.0002870334,0.0002870334,0.0002870334,0.0002870334,0.0002870334,0.0002870334,0.0002870334,0.0002870334,0.9853596,0.0002870334,0.0002870334,0.0002870334,0.0002870334,0.0002870334,0.0002870334,0.0002870334,0.0002870334,0.0002870334,0.0002870334,0.0002870334,0.0002870334,0.0002870334,0.0002870334,0.0002870334,0.0002870334,0.0002870334,0.0002870334,0.0002870334,0.0002870334,0.0002870334,0.0002870334,0.0002870334,0.0002870334,0.0002870334,0.0002870334,0.0002870334,0.0002870334,0.0002870334,0.0002870334,0.0002870334,0.0002870334,0.0002870334,0.0002870334,0.0002870334,0.0002870334,0.0002870334,0.0002870334,0.0002870334
12461557,108,0,0.00054948754,0.00054948754,0.90270704,0.00054948754,0.00054948754,0.00054948754,0.00054948754,0.00054948754,0.00054948754,0.00054948754,0.00054948754,0.00054948754,0.00054948754,0.00054948754,0.00054948754,0.00054948754,0.00054948754,0.00054948754,0.00054948754,0.00054948754,0.069819815,0.00054948754,0.00054948754,0.00054948754,0.00054948754,0.00054948754,0.00054948754,0.00054948754,0.00054948754,0.00054948754,0.00054948754,0.00054948754,0.00054948754,0.00054948754,0.00054948754,0.00054948754,0.00054948754,0.00054948754,0.00054948754,0.00054948754,0.00054948754,0.00054948754,0.00054948754,0.00054948754,0.00054948754,0.00054948754,0.00054948754,0.00054948754,0.00054948754,0.00054948754,0.00054948754,0.00054948754
12496124,108,0,0.00037710433,0.00037710433,0.323306,0.00037710433,0.00037710433,0.00037710433,0.00037710433,0.00037710433,0.00037710433,0.00037710433,0.33655655,0.00037710433,0.00037710433,0.00037710433,0.00037710433,0.00037710433,0.00037710433,0.32166007,0.00037710433,0.00037710433,0.00037710433,0.00037710433,0.00037710433,0.00037710433,0.00037710433,0.00037710433,0.00037710433,0.00037710433,0.00037710433,0.00037710433,0.00037710433,0.00037710433,0.00037710433,0.00037710433,0.00037710433,0.00037710433,0.00037710433,0.00037710433,0.00037710433,0.00037710433,0.00037710433,0.00037710433,0.00037710433,0.00037710433,0.00037710433,0.00037710433,0.00037710433,0.00037710433,0.00037710433,0.00037710433,0.00037710433,0.00037710433
12496132,108,0,0.00018492159,0.00018492159,0.8933621,0.00018492159,0.00018492159,0.00018492159,0.00018492159,0.00018492159,0.00018492159,0.00018492159,0.00018492159,0.00018492159,0.00018492159,0.00018492159,0.00018492159,0.00018492159,0.00018492159,0.00018492159,0.00018492159,0.00018492159,0.00018492159,0.00018492159,0.00018492159,0.00018492159,0.00018492159,0.00018492159,0.00018492159,0.00018492159,0.00018492159,0.00018492159,0.00018492159,0.00018492159,0.097390495,0.00018492159,0.00018492159,0.00018492159,0.00018492159,0.00018492159,0.00018492159,0.00018492159,0.00018492159,0.00018492159,0.00018492159,0.00018492159,0.00018492159,0.00018492159,0.00018492159,0.00018492159,0.00018492159,0.00018492159,0.00018492159,0.00018492159
12511612,108,0,0.00017171328,0.00017171328,0.00017171328,0.00017171328,0.00017171328,0.00017171328,0.00017171328,0.00017171328,0.00017171328,0.00017171328,0.00017171328,0.00017171328,0.00017171328,0.00017171328,0.00017171328,0.00017171328,0.00017171328,0.00017171328,0.00017171328,0.00017171328,0.00017171328,0.00017171328,0.00017171328,0.00017171328,0.00017171328,0.00017171328,0.00017171328,0.00017171328,0.00017171328,0.00017171328,0.00017171328,0.9912421,0.00017171328,0.00017171328,0.00017171328,0.00017171328,0.00017171328,0.00017171328,0.00017171328,0.00017171328,0.00017171328,0.00017171328,0.00017171328,0.00017171328,0.00017171328,0.00017171328,0.00017171328,0.00017171328,0.00017171328,0.00017171328,0.00017171328,0.00017171328
12516859,108,0,0.00040067013,0.00040067013,0.6264736,0.35349375,0.00040067013,0.00040067013,0.00040067013,0.00040067013,0.00040067013,0.00040067013,0.00040067013,0.00040067013,0.00040067013,0.00040067013,0.00040067013,0.00040067013,0.00040067013,0.00040067013,0.00040067013,0.00040067013,0.00040067013,0.00040067013,0.00040067013,0.00040067013,0.00040067013,0.00040067013,0.00040067013,0.00040067013,0.00040067013,0.00040067013,0.00040067013,0.00040067013,0.00040067013,0.00040067013,0.00040067013,0.00040067013,0.00040067013,0.00040067013,0.00040067013,0.00040067013,0.00040067013,0.00040067013,0.00040067013,0.00040067013,0.00040067013,0.00040067013,0.00040067013,0.00040067013,0.00040067013,0.00040067013,0.00040067013,0.00040067013
12516860,108,0,0.0003846403,0.0003846403,0.22934471,0.0003846403,0.0003846403,0.0003846403,0.0003846403,0.0003846403,0.0003846403,0.0003846403,0.0003846403,0.0003846403,0.0003846403,0.0003846403,0.038677096,0.0003846403,0.0003846403,0.0003846403,0.0003846403,0.0003846403,0.0003846403,0.0003846403,0.0003846403,0.0003846403,0.0003846403,0.0003846403,0.0003846403,0.0003846403,0.0003846403,0.0003846403,0.0003846403,0.0003846403,0.0003846403,0.0003846403,0.0003846403,0.0003846403,0.0003846403,0.0003846403,0.0003846403,0.713131,0.0003846403,0.0003846403,0.0003846403,0.0003846403,0.0003846403,0.0003846403,0.0003846403,0.0003846403,0.0003846403,0.0003846403,0.0003846403,0.0003846403
9149812,109,1,0.00023742804,0.00023742804,0.00023742804,0.00023742804,0.00023742804,0.00023742804,0.00023742804,0.00023742804,0.00023742804,0.00023742804,0.00023742804,0.00023742804,0.00023742804,0.00023742804,0.00023742804,0.00023742804,0.00023742804,0.00023742804,0.00023742804,0.00023742804,0.49986342,0.00023742804,0.00023742804,0.00023742804,0.00023742804,0.00023742804,0.00023742804,0.00023742804,0.00023742804,0.00023742804,0.00023742804,0.00023742804,0.00023742804,0.00023742804,0.00023742804,0.00023742804,0.00023742804,0.00023742804,0.00023742804,0.00023742804,0.00023742804,0.00023742804,0.00023742804,0.00023742804,0.00023742804,0.00023742804,0.00023742804,0.00023742804,0.00023742804,0.00023742804,0.00023742804,0.48826545
9187765,109,1,0.0005197792,0.0005197792,0.0005197792,0.0005197792,0.0005197792,0.0005197792,0.0005197792,0.0005197792,0.0005197792,0.0005197792,0.0005197792,0.0005197792,0.0005197792,0.0005197792,0.0005197792,0.0005197792,0.0005197792,0.0005197792,0.0005197792,0.0005197792,0.65437233,0.31963938,0.0005197792,0.0005197792,0.0005197792,0.0005197792,0.0005197792,0.0005197792,0.0005197792,0.0005197792,0.0005197792,0.0005197792,0.0005197792,0.0005197792,0.0005197792,0.0005197792,0.0005197792,0.0005197792,0.0005197792,0.0005197792,0.0005197792,0.0005197792,0.0005197792,0.0005197792,0.0005197792,0.0005197792,0.0005197792,0.0005197792,0.0005197792,0.0005197792,0.0005197792,0.0005197792
9666006,109,1,0.00050613104,0.00050613104,0.00050613104,0.00050613104,0.00050613104,0.00050613104,0.00050613104,0.00050613104,0.00050613104,0.00050613104,0.00050613104,0.00050613104,0.00050613104,0.00050613104,0.2772748,0.035849974,0.00050613104,0.00050613104,0.00050613104,0.033361267,0.38258174,0.00050613104,0.00050613104,0.00050613104,0.00050613104,0.00050613104,0.00050613104,0.00050613104,0.00050613104,0.00050613104,0.00050613104,0.00050613104,0.00050613104,0.00050613104,0.00050613104,0.00050613104,0.00050613104,0.00050613104,0.00050613104,0.24714473,0.00050613104,0.00050613104,0.00050613104,0.00050613104,0.00050613104,0.00050613104,0.00050613104,0.00050613104,0.00050613104,0.00050613104,0.00050613104,0.00050613104
9676381,109,1,0.000291384,0.000291384,0.000291384,0.000291384,0.000291384,0.000291384,0.000291384,0.000291384,0.000291384,0.000291384,0.000291384,0.000291384,0.000291384,0.000291384,0.32691026,0.000291384,0.000291384,0.000291384,0.000291384,0.000291384,0.000291384,0.000291384,0.000291384,0.000291384,0.000291384,0.000291384,0.65851957,0.000291384,0.000291384,0.000291384,0.000291384,0.000291384,0.000291384,0.000291384,0.000291384,0.000291384,0.000291384,0.000291384,0.000291384,0.000291384,0.000291384,0.000291384,0.000291384,0.000291384,0.000291384,0.000291384,0.000291384,0.000291384,0.000291384,0.000291384,0.000291384,0.000291384
9836710,109,1,0.0005827745,0.0005827745,0.0005827745,0.0005827745,0.0005827745,0.0005827745,0.0005827745,0.0005827745,0.0005827745,0.0005827745,0.0005827745,0.0005827745,0.0005827745,0.0005827745,0.22247407,0.0005827745,0.0005827745,0.0005827745,0.0005827745,0.0005827745,0.0005827745,0.0005827745,0.0005827745,0.74838793,0.0005827745,0.0005827745,0.0005827745,0.0005827745,0.0005827745,0.0005827745,0.0005827745,0.0005827745,0.0005827745,0.0005827745,0.0005827745,0.0005827745,0.0005827745,0.0005827745,0.0005827745,0.0005827745,0.0005827745,0.0005827745,0.0005827745,0.0005827745,0.0005827745,0.0005827745,0.0005827745,0.0005827745,0.0005827745,0.0005827745,0.0005827745,0.0005827745
9889212,109,1,0.00019426015,0.00019426015,0.00019426015,0.00019426015,0.00019426015,0.00019426015,0.00019426015,0.00019426015,0.00019426015,0.47827265,0.00019426015,0.00019426015,0.00019426015,0.00019426015,0.15120398,0.00019426015,0.00019426015,0.00019426015,0.00019426015,0.00019426015,0.36100376,0.00019426015,0.00019426015,0.00019426015,0.00019426015,0.00019426015,0.00019426015,0.00019426015,0.00019426015,0.00019426015,0.00019426015,0.00019426015,0.00019426015,0.00019426015,0.00019426015,0.00019426015,0.00019426015,0.00019426015,0.00019426015,0.00019426015,0.00019426015,0.00019426015,0.00019426015,0.00019426015,0.00019426015,0.00019426015,0.00019426015,0.00019426015,0.00019426015,0.00019426015,0.00019426015,0.00019426015
10029323,109,1,0.00018671117,0.00018671117,0.00018671117,0.00018671117,0.00018671117,0.00018671117,0.00018671117,0.00018671117,0.00018671117,0.00018671117,0.00018671117,0.00018671117,0.00018671117,0.00018671117,0.00018671117,0.00018671117,0.00018671117,0.00018671117,0.00018671117,0.00018671117,0.99047685,0.00018671117,0.00018671117,0.00018671117,0.00018671117,0.00018671117,0.00018671117,0.00018671117,0.00018671117,0.00018671117,0.00018671117,0.00018671117,0.00018671117,0.00018671117,0.00018671117,0.00018671117,0.00018671117,0.00018671117,0.00018671117,0.00018671117,0.00018671117,0.00018671117,0.00018671117,0.00018671117,0.00018671117,0.00018671117,0.00018671117,0.00018671117,0.00018671117,0.00018671117,0.00018671117,0.00018671117
10084106,109,1,0.00025305653,0.00025305653,0.00025305653,0.00025305653,0.00025305653,0.00025305653,0.00025305653,0.00025305653,0.00025305653,0.00025305653,0.00025305653,0.00025305653,0.00025305653,0.00025305653,0.18391743,0.26992533,0.00025305653,0.00025305653,0.00025305653,0.00025305653,0.3123399,0.00025305653,0.00025305653,0.00025305653,0.00025305653,0.00025305653,0.00025305653,0.00025305653,0.00025305653,0.00025305653,0.00025305653,0.00025305653,0.00025305653,0.00025305653,0.22167017,0.00025305653,0.00025305653,0.00025305653,0.00025305653,0.00025305653,0.00025305653,0.00025305653,0.00025305653,0.00025305653,0.00025305653,0.00025305653,0.00025305653,0.00025305653,0.00025305653,0.00025305653,0.00025305653,0.00025305653
10224010,109,1,0.00037708922,0.00037708922,0.00037708922,0.00037708922,0.6947082,0.00037708922,0.00037708922,0.00037708922,0.00037708922,0.00037708922,0.00037708922,0.00037708922,0.00037708922,0.00037708922,0.28643808,0.00037708922,0.00037708922,0.00037708922,0.00037708922,0.00037708922,0.00037708922,0.00037708922,0.00037708922,0.00037708922,0.00037708922,0.00037708922,0.00037708922,0.00037708922,0.00037708922,0.00037708922,0.00037708922,0.00037708922,0.00037708922,0.00037708922,0.00037708922,0.00037708922,0.00037708922,0.00037708922,0.00037708922,0.00037708922,0.00037708922,0.00037708922,0.00037708922,0.00037708922,0.00037708922,0.00037708922,0.00037708922,0.00037708922,0.00037708922,0.00037708922,0.00037708922,0.00037708922
10419204,109,1,0.00024039671,0.00024039671,0.00024039671,0.00024039671,0.00024039671,0.00024039671,0.00024039671,0.00024039671,0.00024039671,0.00024039671,0.00024039671,0.00024039671,0.00024039671,0.00024039671,0.4075361,0.00024039671,0.00024039671,0.00024039671,0.00024039671,0.00024039671,0.22654735,0.00024039671,0.00024039671,0.00024039671,0.00024039671,0.00024039671,0.00024039671,0.00024039671,0.00024039671,0.00024039671,0.35413647,0.00024039671,0.00024039671,0.00024039671,0.00024039671,0.00024039671,0.00024039671,0.00024039671,0.00024039671,0.00024039671,0.00024039671,0.00024039671,0.00024039671,0.00024039671,0.00024039671,0.00024039671,0.00024039671,0.00024039671,0.00024039671,0.00024039671,0.00024039671,0.00024039671
10440566,109,1,0.0003374256,0.0003374256,0.0003374256,0.0003374256,0.0003374256,0.0003374256,0.0003374256,0.0003374256,0.0003374256,0.046844006,0.0003374256,0.0003374256,0.0003374256,0.0003374256,0.15543063,0.26782134,0.018843984,0.0003374256,0.0003374256,0.0003374256,0.3031442,0.0003374256,0.0003374256,0.0003374256,0.0003374256,0.0003374256,0.0003374256,0.0003374256,0.0003374256,0.0003374256,0.0003374256,0.0003374256,0.02211511,0.0003374256,0.0003374256,0.0003374256,0.0003374256,0.0003374256,0.0003374256,0.0003374256,0.0003374256,0.0003374256,0.0003374256,0.14986174,0.0003374256,0.0003374256,0.0003374256,0.0003374256,0.0003374256,0.0003374256,0.0003374256,0.021092795
10599890,109,1,0.0002497565,0.0002497565,0.0002497565,0.0002497565,0.0002497565,0.0002497565,0.0002497565,0.0002497565,0.0002497565,0.0002497565,0.0002497565,0.0002497565,0.0002497565,0.0002497565,0.0002497565,0.0002497565,0.0002497565,0.0002497565,0.0002497565,0.0002497565,0.9872613,0.0002497565,0.0002497565,0.0002497565,0.0002497565,0.0002497565,0.0002497565,0.0002497565,0.0002497565,0.0002497565,0.0002497565,0.0002497565,0.0002497565,0.0002497565,0.0002497565,0.0002497565,0.0002497565,0.0002497565,0.0002497565,0.0002497565,0.0002497565,0.0002497565,0.0002497565,0.0002497565,0.0002497565,0.0002497565,0.0002497565,0.0002497565,0.0002497565,0.0002497565,0.0002497565,0.0002497565
10620568,109,1,0.00024655703,0.00024655703,0.00024655703,0.00024655703,0.00024655703,0.00024655703,0.00024655703,0.00024655703,0.00024655703,0.00024655703,0.00024655703,0.00024655703,0.00024655703,0.00024655703,0.21459797,0.00024655703,0.00024655703,0.00024655703,0.00024655703,0.00024655703,0.00024655703,0.77307314,0.00024655703,0.00024655703,0.00024655703,0.00024655703,0.00024655703,0.00024655703,0.00024655703,0.00024655703,0.00024655703,0.00024655703,0.00024655703,0.00024655703,0.00024655703,0.00024655703,0.00024655703,0.00024655703,0.00024655703,0.00024655703,0.00024655703,0.00024655703,0.00024655703,0.00024655703,0.00024655703,0.00024655703,0.00024655703,0.00024655703,0.00024655703,0.00024655703,0.00024655703,0.00024655703
10652180,109,1,0.0002564149,0.0002564149,0.0002564149,0.0002564149,0.0002564149,0.0002564149,0.0002564149,0.0002564149,0.0002564149,0.0002564149,0.0002564149,0.0002564149,0.0002564149,0.0002564149,0.14168411,0.0002564149,0.0002564149,0.0002564149,0.0002564149,0.0002564149,0.0002564149,0.0002564149,0.0002564149,0.0002564149,0.0002564149,0.0002564149,0.0002564149,0.0002564149,0.0002564149,0.0002564149,0.0002564149,0.0002564149,0.8454944,0.0002564149,0.0002564149,0.0002564149,0.0002564149,0.0002564149,0.0002564149,0.0002564149,0.0002564149,0.0002564149,0.0002564149,0.0002564149,0.0002564149,0.0002564149,0.0002564149,0.0002564149,0.0002564149,0.0002564149,0.0002564149,0.0002564149
10713370,109,1,0.00024039324,0.00024039324,0.00024039324,0.00024039324,0.00024039324,0.00024039324,0.00024039324,0.00024039324,0.00024039324,0.00024039324,0.00024039324,0.00024039324,0.00024039324,0.00024039324,0.20695561,0.00024039324,0.00024039324,0.00024039324,0.00024039324,0.00024039324,0.00024039324,0.00024039324,0.00024039324,0.00024039324,0.00024039324,0.00024039324,0.00024039324,0.00024039324,0.00024039324,0.00024039324,0.00024039324,0.00024039324,0.00024039324,0.00024039324,0.00024039324,0.00024039324,0.00024039324,0.00024039324,0.00024039324,0.00024039324,0.00024039324,0.00024039324,0.00024039324,0.00024039324,0.00024039324,0.00024039324,0.00024039324,0.00024039324,0.00024039324,0.00024039324,0.00024039324,0.7810251
10877778,109,1,0.00024343956,0.00024343956,0.00024343956,0.00024343956,0.00024343956,0.00024343956,0.00024343956,0.00024343956,0.00024343956,0.00024343956,0.00024343956,0.00024343956,0.00024343956,0.00024343956,0.2010232,0.00024343956,0.00024343956,0.00024343956,0.00024343956,0.00024343956,0.46689382,0.00024343956,0.00024343956,0.32015347,0.00024343956,0.00024343956,0.00024343956,0.00024343956,0.00024343956,0.00024343956,0.00024343956,0.00024343956,0.00024343956,0.00024343956,0.00024343956,0.00024343956,0.00024343956,0.00024343956,0.00024343956,0.00024343956,0.00024343956,0.00024343956,0.00024343956,0.00024343956,0.00024343956,0.00024343956,0.00024343956,0.00024343956,0.00024343956,0.00024343956,0.00024343956,0.00024343956
10966386,109,1,0.00033739404,0.00033739404,0.00033739404,0.00033739404,0.00033739404,0.00033739404,0.00033739404,0.00033739404,0.00033739404,0.00033739404,0.00033739404,0.00033739404,0.00033739404,0.00033739404,0.41302806,0.00033739404,0.57010275,0.00033739404,0.00033739404,0.00033739404,0.00033739404,0.00033739404,0.00033739404,0.00033739404,0.00033739404,0.00033739404,0.00033739404,0.00033739404,0.00033739404,0.00033739404,0.00033739404,0.00033739404,0.00033739404,0.00033739404,0.00033739404,0.00033739404,0.00033739404,0.00033739404,0.00033739404,0.00033739404,0.00033739404,0.00033739404,0.00033739404,0.00033739404,0.00033739404,0.00033739404,0.00033739404,0.00033739404,0.00033739404,0.00033739404,0.00033739404,0.00033739404
10966441,109,1,0.0003005082,0.0003005082,0.0003005082,0.0003005082,0.0003005082,0.0003005082,0.0003005082,0.0003005082,0.0003005082,0.0003005082,0.3320675,0.0003005082,0.0003005082,0.0003005082,0.40770382,0.0003005082,0.0003005082,0.0003005082,0.0003005082,0.0003005082,0.24550433,0.0003005082,0.0003005082,0.0003005082,0.0003005082,0.0003005082,0.0003005082,0.0003005082,0.0003005082,0.0003005082,0.0003005082,0.0003005082,0.0003005082,0.0003005082,0.0003005082,0.0003005082,0.0003005082,0.0003005082,0.0003005082,0.0003005082,0.0003005082,0.0003005082,0.0003005082,0.0003005082,0.0003005082,0.0003005082,0.0003005082,0.0003005082,0.0003005082,0.0003005082,0.0003005082,0.0003005082
12144770,109,1,0.00030048672,0.00030048672,0.00030048672,0.00030048672,0.00030048672,0.00030048672,0.00030048672,0.00030048672,0.00030048672,0.00030048672,0.00030048672,0.00030048672,0.00030048672,0.00030048672,0.9846757,0.00030048672,0.00030048672,0.00030048672,0.00030048672,0.00030048672,0.00030048672,0.00030048672,0.00030048672,0.00030048672,0.00030048672,0.00030048672,0.00030048672,0.00030048672,0.00030048672,0.00030048672,0.00030048672,0.00030048672,0.00030048672,0.00030048672,0.00030048672,0.00030048672,0.00030048672,0.00030048672,0.00030048672,0.00030048672,0.00030048672,0.00030048672,0.00030048672,0.00030048672,0.00030048672,0.00030048672,0.00030048672,0.00030048672,0.00030048672,0.00030048672,0.00030048672,0.00030048672
12211279,109,1,0.2972424,0.00015635778,0.00015635778,0.00015635778,0.00015635778,0.00015635778,0.00015635778,0.00015635778,0.00015635778,0.00015635778,0.00015635778,0.00015635778,0.00015635778,0.00015635778,0.43977252,0.00015635778,0.00015635778,0.00015635778,0.00015635778,0.00015635778,0.2553228,0.00015635778,0.00015635778,0.00015635778,0.00015635778,0.00015635778,0.00015635778,0.00015635778,0.00015635778,0.00015635778,0.00015635778,0.00015635778,0.00015635778,0.00015635778,0.00015635778,0.00015635778,0.00015635778,0.00015635778,0.00015635778,0.00015635778,0.00015635778,0.00015635778,0.00015635778,0.00015635778,0.00015635778,0.00015635778,0.00015635778,0.00015635778,0.00015635778,0.00015635778,0.00015635778,0.00015635778
12218656,109,1,0.00030048518,0.00030048518,0.00030048518,0.00030048518,0.00030048518,0.00030048518,0.00030048518,0.00030048518,0.00030048518,0.00030048518,0.00030048518,0.00030048518,0.00030048518,0.00030048518,0.00030048518,0.98467577,0.00030048518,0.00030048518,0.00030048518,0.00030048518,0.00030048518,0.00030048518,0.00030048518,0.00030048518,0.00030048518,0.00030048518,0.00030048518,0.00030048518,0.00030048518,0.00030048518,0.00030048518,0.00030048518,0.00030048518,0.00030048518,0.00030048518,0.00030048518,0.00030048518,0.00030048518,0.00030048518,0.00030048518,0.00030048518,0.00030048518,0.00030048518,0.00030048518,0.00030048518,0.00030048518,0.00030048518,0.00030048518,0.00030048518,0.00030048518,0.00030048518,0.00030048518
12374402,109,1,0.0002828395,0.0002828395,0.0002828395,0.0002828395,0.0002828395,0.0002828395,0.0002828395,0.0002828395,0.0002828395,0.0002828395,0.16903602,0.0002828395,0.0002828395,0.0002828395,0.36443496,0.0002828395,0.0002828395,0.0002828395,0.0002828395,0.0002828395,0.18294787,0.0002828395,0.0002828395,0.0002828395,0.0002828395,0.0002828395,0.0002828395,0.0002828395,0.0002828395,0.0002828395,0.0002828395,0.0002828395,0.19306846,0.0002828395,0.0002828395,0.0002828395,0.0002828395,0.0002828395,0.0002828395,0.0002828395,0.0002828395,0.0002828395,0.0002828395,0.0002828395,0.0002828395,0.0002828395,0.0002828395,0.0002828395,0.0002828395,0.0002828395,0.0002828395,0.07721963
12454166,109,1,0.00020679976,0.00020679976,0.00020679976,0.00020679976,0.00020679976,0.00020679976,0.00020679976,0.00020679976,0.00020679976,0.00020679976,0.00020679976,0.00020679976,0.00020679976,0.00020679976,0.2415071,0.00020679976,0.00020679976,0.00020679976,0.00020679976,0.00020679976,0.17814901,0.00020679976,0.00020679976,0.00020679976,0.00020679976,0.00020679976,0.00020679976,0.00020679976,0.00020679976,0.00020679976,0.00020679976,0.00020679976,0.00020679976,0.00020679976,0.00020679976,0.00020679976,0.00020679976,0.00020679976,0.00020679976,0.00020679976,0.00020679976,0.00020679976,0.00020679976,0.00020679976,0.57021075,0.00020679976,0.00020679976,0.00020679976,0.00020679976,0.00020679976,0.00020679976,0.00020679976
12495014,109,1,0.00034342433,0.00034342433,0.00034342433,0.00034342433,0.00034342433,0.00034342433,0.00034342433,0.00034342433,0.00034342433,0.00034342433,0.00034342433,0.00034342433,0.00034342433,0.00034342433,0.32187247,0.00034342433,0.00034342433,0.00034342433,0.00034342433,0.00034342433,0.00034342433,0.00034342433,0.00034342433,0.00034342433,0.00034342433,0.00034342433,0.00034342433,0.00034342433,0.00034342433,0.00034342433,0.00034342433,0.00034342433,0.00034342433,0.00034342433,0.66095686,0.00034342433,0.00034342433,0.00034342433,0.00034342433,0.00034342433,0.00034342433,0.00034342433,0.00034342433,0.00034342433,0.00034342433,0.00034342433,0.00034342433,0.00034342433,0.00034342433,0.00034342433,0.00034342433,0.00034342433
7774117,111,2,0.00020243497,0.00020243497,0.00020243497,0.00020243497,0.00020243497,0.00020243497,0.00020243497,0.00020243497,0.00020243497,0.00020243497,0.00020243497,0.00020243497,0.00020243497,0.00020243497,0.00020243497,0.00020243497,0.00020243497,0.00020243497,0.00020243497,0.00020243497,0.00020243497,0.00020243497,0.00020243497,0.00020243497,0.00020243497,0.00020243497,0.00020243497,0.00020243497,0.00020243497,0.00020243497,0.00020243497,0.00020243497,0.00020243497,0.00020243497,0.00020243497,0.00020243497,0.00020243497,0.00020243497,0.00020243497,0.00020243497,0.00020243497,0.00020243497,0.00020243497,0.00020243497,0.9896756,0.00020243497,0.00020243497,0.00020243497,0.00020243497,0.00020243497,0.00020243497,0.00020243497
7856030,111,2,0.00040065788,0.00040065788,0.00040065788,0.00040065788,0.00040065788,0.00040065788,0.00040065788,0.00040065788,0.00040065788,0.00040065788,0.00040065788,0.00040065788,0.00040065788,0.00040065788,0.00040065788,0.00040065788,0.00040065788,0.00040065788,0.00040065788,0.00040065788,0.00040065788,0.00040065788,0.00040065788,0.00040065788,0.00040065788,0.00040065788,0.00040065788,0.00040065788,0.00040065788,0.00040065788,0.00040065788,0.00040065788,0.00040065788,0.00040065788,0.00040065788,0.00040065788,0.00040065788,0.00040065788,0.00040065788,0.00040065788,0.04907695,0.00040065788,0.00040065788,0.54095674,0.39033416,0.00040065788,0.00040065788,0.00040065788,0.00040065788,0.00040065788,0.00040065788,0.00040065788
7927332,111,2,0.00021368368,0.00021368368,0.00021368368,0.00021368368,0.00021368368,0.00021368368,0.00021368368,0.00021368368,0.00021368368,0.00021368368,0.00021368368,0.00021368368,0.00021368368,0.00021368368,0.00021368368,0.00021368368,0.00021368368,0.00021368368,0.00021368368,0.00021368368,0.00021368368,0.00021368368,0.00021368368,0.00021368368,0.00021368368,0.00021368368,0.00021368368,0.00021368368,0.00021368368,0.00021368368,0.00021368368,0.00021368368,0.00021368368,0.00021368368,0.00021368368,0.00021368368,0.00021368368,0.00021368368,0.00021368368,0.00021368368,0.00021368368,0.00021368368,0.00021368368,0.5169269,0.47238863,0.00021368368,0.00021368368,0.00021368368,0.00021368368,0.00021368368,0.00021368368,0.00021368368
7936296,111,2,0.00039248355,0.00039248355,0.00039248355,0.00039248355,0.00039248355,0.00039248355,0.00039248355,0.00039248355,0.62895054,0.00039248355,0.00039248355,0.00039248355,0.00039248355,0.00039248355,0.00039248355,0.00039248355,0.00039248355,0.00039248355,0.00039248355,0.00039248355,0.00039248355,0.00039248355,0.00039248355,0.00039248355,0.00039248355,0.00039248355,0.00039248355,0.00039248355,0.00039248355,0.00039248355,0.00039248355,0.00039248355,0.00039248355,0.00039248355,0.00039248355,0.00039248355,0.00039248355,0.00039248355,0.00039248355,0.00039248355,0.14069659,0.00039248355,0.00039248355,0.00039248355,0.21112192,0.00039248355,0.00039248355,0.00039248355,0.00039248355,0.00039248355,0.00039248355,0.00039248355
7991124,111,2,0.00027475474,0.00027475474,0.00027475474,0.00027475474,0.00027475474,0.00027475474,0.00027475474,0.00027475474,0.00027475474,0.00027475474,0.00027475474,0.15677729,0.00027475474,0.00027475474,0.00027475474,0.00027475474,0.00027475474,0.00027475474,0.00027475474,0.00027475474,0.00027475474,0.00027475474,0.00027475474,0.00027475474,0.00027475474,0.00027475474,0.00027475474,0.00027475474,0.00027475474,0.00027475474,0.00027475474,0.00027475474,0.00027475474,0.00027475474,0.00027475474,0.00027475474,0.00027475474,0.00027475474,0.00027475474,0.00027475474,0.11186395,0.00027475474,0.00027475474,0.00027475474,0.41304216,0.00027475474,0.00027475474,0.00027475474,0.30512825,0.00027475474,0.00027475474,0.00027475474
8137126,111,2,0.0003205292,0.0003205292,0.0003205292,0.0003205292,0.0003205292,0.0003205292,0.0003205292,0.0003205292,0.0003205292,0.0003205292,0.0003205292,0.0003205292,0.0003205292,0.0003205292,0.0003205292,0.0003205292,0.0003205292,0.0003205292,0.0003205292,0.0003205292,0.0003205292,0.0003205292,0.0003205292,0.0003205292,0.0003205292,0.0003205292,0.0003205292,0.0003205292,0.0003205292,0.0003205292,0.0003205292,0.0003205292,0.0003205292,0.0003205292,0.0003205292,0.0003205292,0.0003205292,0.0003205292,0.0003205292,0.0003205292,0.0003205292,0.0003205292,0.0003205292,0.0003205292,0.9836531,0.0003205292,0.0003205292,0.0003205292,0.0003205292,0.0003205292,0.0003205292,0.0003205292
8137132,111,2,0.00017644216,0.00017644216,0.00017644216,0.00017644216,0.00017644216,0.00017644216,0.00017644216,0.00017644216,0.00017644216,0.00017644216,0.00017644216,0.00017644216,0.00017644216,0.00017644216,0.00017644216,0.00017644216,0.00017644216,0.00017644216,0.00017644216,0.00017644216,0.00017644216,0.00017644216,0.00017644216,0.00017644216,0.00017644216,0.00017644216,0.00017644216,0.00017644216,0.00017644216,0.00017644216,0.00017644216,0.00017644216,0.00017644216,0.00017644216,0.00017644216,0.00017644216,0.00017644216,0.00017644216,0.00017644216,0.5917351,0.00017644216,0.00017644216,0.00017644216,0.00017644216,0.39944243,0.00017644216,0.00017644216,0.00017644216,0.00017644216,0.00017644216,0.00017644216,0.00017644216
8618678,111,2,0.0004579083,0.0004579083,0.0004579083,0.0004579083,0.0004579083,0.11784779,0.0004579083,0.0004579083,0.0004579083,0.0004579083,0.0004579083,0.3031504,0.0004579083,0.0004579083,0.0004579083,0.0004579083,0.0004579083,0.0004579083,0.0004579083,0.0004579083,0.0004579083,0.0004579083,0.0004579083,0.0004579083,0.0004579083,0.0004579083,0.0004579083,0.0004579083,0.0004579083,0.0004579083,0.0004579083,0.0004579083,0.0004579083,0.0004579083,0.0004579083,0.0004579083,0.0004579083,0.0004579083,0.0004579083,0.0004579083,0.0004579083,0.0004579083,0.0004579083,0.0004579083,0.55656517,0.0004579083,0.0004579083,0.0004579083,0.0004579083,0.0004579083,0.0004579083,0.0004579083
8657630,111,2,0.0005061149,0.0005061149,0.0005061149,0.0005061149,0.0005061149,0.0005061149,0.0005061149,0.0005061149,0.0005061149,0.0005061149,0.0005061149,0.0005061149,0.0005061149,0.0005061149,0.0005061149,0.0005061149,0.0005061149,0.0005061149,0.0005061149,0.0005061149,0.0005061149,0.0005061149,0.0005061149,0.0005061149,0.0005061149,0.0005061149,0.0005061149,0.0005061149,0.2845569,0.0005061149,0.0005061149,0.0005061149,0.08022711,0.0005061149,0.0005061149,0.0005061149,0.0005061149,0.0005061149,0.0005061149,0.0005061149,0.0005061149,0.0005061149,0.0005061149,0.0005061149,0.6104165,0.0005061149,0.0005061149,0.0005061149,0.0005061149,0.0005061149,0.0005061149,0.0005061149
8682199,111,2,0.00020244108,0.00020244108,0.00020244108,0.00020244108,0.00020244108,0.00020244108,0.00020244108,0.00020244108,0.00020244108,0.00020244108,0.00020244108,0.00020244108,0.00020244108,0.00020244108,0.00020244108,0.00020244108,0.00020244108,0.00020244108,0.00020244108,0.00020244108,0.00020244108,0.00020244108,0.00020244108,0.00020244108,0.00020244108,0.00020244108,0.00020244108,0.00020244108,0.00020244108,0.00020244108,0.00020244108,0.00020244108,0.00020244108,0.00020244108,0.00020244108,0.00020244108,0.00020244108,0.00020244108,0.00020244108,0.00020244108,0.00020244108,0.00020244108,0.00020244108,0.00020244108,0.9896753,0.00020244108,0.00020244108,0.00020244108,0.00020244108,0.00020244108,0.00020244108,0.00020244108
8707291,111,2,0.00016298413,0.00016298413,0.00016298413,0.00016298413,0.00016298413,0.00016298413,0.00016298413,0.00016298413,0.00016298413,0.00016298413,0.00016298413,0.00016298413,0.00016298413,0.00016298413,0.00016298413,0.00016298413,0.00016298413,0.00016298413,0.00016298413,0.00016298413,0.00016298413,0.00016298413,0.00016298413,0.00016298413,0.00016298413,0.00016298413,0.00016298413,0.00016298413,0.00016298413,0.00016298413,0.00016298413,0.00016298413,0.00016298413,0.00016298413,0.00016298413,0.00016298413,0.00016298413,0.00016298413,0.00016298413,0.00016298413,0.00016298413,0.00016298413,0.00016298413,0.00016298413,0.49070406,0.00016298413,0.00016298413,0.00016298413,0.5011467,0.00016298413,0.00016298413,0.00016298413
8797471,111,2,0.00029138188,0.00029138188,0.00029138188,0.00029138188,0.00029138188,0.88516754,0.00029138188,0.00029138188,0.00029138188,0.00029138188,0.00029138188,0.00029138188,0.00029138188,0.00029138188,0.00029138188,0.00029138188,0.00029138188,0.00029138188,0.00029138188,0.00029138188,0.00029138188,0.00029138188,0.00029138188,0.00029138188,0.00029138188,0.00029138188,0.00029138188,0.00029138188,0.00029138188,0.00029138188,0.00029138188,0.00029138188,0.00029138188,0.00029138188,0.00029138188,0.00029138188,0.00029138188,0.00029138188,0.00029138188,0.00029138188,0.10026334,0.00029138188,0.00029138188,0.00029138188,0.00029138188,0.00029138188,0.00029138188,0.00029138188,0.00029138188,0.00029138188,0.00029138188,0.00029138188
8797472,111,2,0.00034342526,0.00034342526,0.00034342526,0.00034342526,0.00034342526,0.3453213,0.00034342526,0.00034342526,0.00034342526,0.00034342526,0.00034342526,0.00034342526,0.00034342526,0.00034342526,0.00034342526,0.00034342526,0.00034342526,0.20029587,0.00034342526,0.00034342526,0.00034342526,0.00034342526,0.00034342526,0.00034342526,0.00034342526,0.00034342526,0.00034342526,0.00034342526,0.00034342526,0.00034342526,0.00034342526,0.00034342526,0.00034342526,0.00034342526,0.00034342526,0.00034342526,0.00034342526,0.00034342526,0.00034342526,0.00034342526,0.00034342526,0.00034342526,0.00034342526,0.00034342526,0.43755573,0.00034342526,0.00034342526,0.00034342526,0.00034342526,0.00034342526,0.00034342526,0.00034342526
8841969,111,2,0.00026710844,0.00026710844,0.00026710844,0.00026710844,0.00026710844,0.00026710844,0.00026710844,0.00026710844,0.00026710844,0.00026710844,0.00026710844,0.00026710844,0.00026710844,0.00026710844,0.00026710844,0.00026710844,0.00026710844,0.00026710844,0.00026710844,0.00026710844,0.00026710844,0.00026710844,0.00026710844,0.00026710844,0.00026710844,0.00026710844,0.30835778,0.00026710844,0.00026710844,0.00026710844,0.00026710844,0.00026710844,0.00026710844,0.00026710844,0.00026710844,0.00026710844,0.00026710844,0.00026710844,0.00026710844,0.00026710844,0.00026710844,0.00026710844,0.00026710844,0.00026710844,0.6782868,0.00026710844,0.00026710844,0.00026710844,0.00026710844,0.00026710844,0.00026710844,0.00026710844
8937783,111,2,0.00023452833,0.00023452833,0.00023452833,0.00023452833,0.00023452833,0.00023452833,0.00023452833,0.00023452833,0.00023452833,0.00023452833,0.00023452833,0.00023452833,0.00023452833,0.00023452833,0.00023452833,0.00023452833,0.00023452833,0.00023452833,0.00023452833,0.00023452833,0.00023452833,0.00023452833,0.00023452833,0.00023452833,0.55253506,0.00023452833,0.00023452833,0.00023452833,0.00023452833,0.00023452833,0.00023452833,0.00023452833,0.00023452833,0.00023452833,0.00023452833,0.00023452833,0.00023452833,0.00023452833,0.00023452833,0.00023452833,0.00023452833,0.00023452833,0.00023452833,0.00023452833,0.43573847,0.00023452833,0.00023452833,0.00023452833,0.00023452833,0.00023452833,0.00023452833,0.00023452833
9263413,111,2,0.000836179,0.000836179,0.000836179,0.000836179,0.000836179,0.000836179,0.000836179,0.000836179,0.000836179,0.000836179,0.000836179,0.000836179,0.000836179,0.000836179,0.000836179,0.000836179,0.000836179,0.000836179,0.000836179,0.000836179,0.000836179,0.000836179,0.000836179,0.42009717,0.000836179,0.000836179,0.000836179,0.000836179,0.000836179,0.000836179,0.000836179,0.000836179,0.000836179,0.000836179,0.000836179,0.000836179,0.000836179,0.000836179,0.000836179,0.000836179,0.000836179,0.000836179,0.000836179,0.000836179,0.5380941,0.000836179,0.000836179,0.000836179,0.000836179,0.000836179,0.000836179,0.000836179
9629853,111,2,0.00042736257,0.00042736257,0.00042736257,0.00042736257,0.00042736257,0.00042736257,0.00042736257,0.00042736257,0.46501997,0.00042736257,0.00042736257,0.00042736257,0.00042736257,0.00042736257,0.00042736257,0.00042736257,0.00042736257,0.00042736257,0.00042736257,0.00042736257,0.00042736257,0.00042736257,0.00042736257,0.00042736257,0.00042736257,0.00042736257,0.00042736257,0.00042736257,0.00042736257,0.00042736257,0.00042736257,0.00042736257,0.00042736257,0.00042736257,0.00042736257,0.00042736257,0.00042736257,0.00042736257,0.00042736257,0.00042736257,0.00042736257,0.00042736257,0.00042736257,0.00042736257,0.5136127,0.00042736257,0.00042736257,0.00042736257,0.00042736257,0.00042736257,0.00042736257,0.00042736257
9681800,111,2,0.0002497682,0.0002497682,0.0002497682,0.0002497682,0.0002497682,0.0002497682,0.0002497682,0.0002497682,0.0002497682,0.0002497682,0.0002497682,0.0002497682,0.0002497682,0.0002497682,0.0002497682,0.0002497682,0.0002497682,0.0002497682,0.0002497682,0.0002497682,0.0002497682,0.0002497682,0.0002497682,0.0002497682,0.0002497682,0.0002497682,0.0002497682,0.0002497682,0.0002497682,0.0002497682,0.0002497682,0.0002497682,0.0002497682,0.0002497682,0.0002497682,0.0002497682,0.0002497682,0.44597837,0.0002497682,0.0002497682,0.0002497682,0.0002497682,0.0002497682,0.0002497682,0.54153293,0.0002497682,0.0002497682,0.0002497682,0.0002497682,0.0002497682,0.0002497682,0.0002497682
9864731,111,2,0.00026345174,0.00026345174,0.00026345174,0.00026345174,0.00026345174,0.00026345174,0.00026345174,0.00026345174,0.00026345174,0.00026345174,0.00026345174,0.00026345174,0.00026345174,0.00026345174,0.00026345174,0.00026345174,0.00026345174,0.00026345174,0.00026345174,0.00026345174,0.00026345174,0.00026345174,0.00026345174,0.00026345174,0.00026345174,0.00026345174,0.00026345174,0.00026345174,0.31439602,0.00026345174,0.00026345174,0.00026345174,0.00026345174,0.00026345174,0.00026345174,0.00026345174,0.00026345174,0.00026345174,0.00026345174,0.00026345174,0.2100645,0.00026345174,0.00026345174,0.00026345174,0.4626303,0.00026345174,0.00026345174,0.00026345174,0.00026345174,0.00026345174,0.00026345174,0.00026345174
10360778,111,2,0.0005197677,0.0005197677,0.0005197677,0.0005197677,0.0005197677,0.0005197677,0.0005197677,0.0005197677,0.0005197677,0.0005197677,0.0005197677,0.0005197677,0.0005197677,0.0005197677,0.0005197677,0.0005197677,0.0005197677,0.0005197677,0.0005197677,0.0005197677,0.0005197677,0.0005197677,0.0005197677,0.0005197677,0.0005197677,0.0005197677,0.0005197677,0.0005197677,0.0005197677,0.0005197677,0.0005197677,0.0005197677,0.0005197677,0.0005197677,0.0005197677,0.0005197677,0.0005197677,0.0005197677,0.0005197677,0.0005197677,0.0005197677,0.0005197677,0.0005197677,0.0005197677,0.973492,0.0005197677,0.0005197677,0.0005197677,0.0005197677,0.0005197677,0.0005197677,0.0005197677
10932276,111,2,0.000173263,0.000173263,0.000173263,0.000173263,0.000173263,0.000173263,0.000173263,0.000173263,0.000173263,0.000173263,0.000173263,0.000173263,0.000173263,0.000173263,0.000173263,0.000173263,0.000173263,0.000173263,0.000173263,0.000173263,0.000173263,0.000173263,0.000173263,0.000173263,0.000173263,0.000173263,0.000173263,0.000173263,0.000173263,0.000173263,0.000173263,0.000173263,0.000173263,0.000173263,0.000173263,0.000173263,0.000173263,0.000173263,0.000173263,0.000173263,0.07358118,0.000173263,0.000173263,0.3123899,0.60553885,0.000173263,0.000173263,0.000173263,0.000173263,0.000173263,0.000173263,0.000173263
12222676,111,2,0.0002870579,0.037903786,0.0002870579,0.0002870579,0.0002870579,0.0002870579,0.0002870579,0.0002870579,0.0002870579,0.0002870579,0.0002870579,0.0002870579,0.0002870579,0.0002870579,0.0002870579,0.018799283,0.0002870579,0.0002870579,0.0002870579,0.0002870579,0.0002870579,0.0002870579,0.0002870579,0.0002870579,0.0002870579,0.0002870579,0.0002870579,0.0002870579,0.0002870579,0.0002870579,0.0002870579,0.0002870579,0.0002870579,0.0002870579,0.0002870579,0.0002870579,0.0002870579,0.0002870579,0.0002870579,0.20742983,0.0002870579,0.0002870579,0.0002870579,0.0002870579,0.58689356,0.0002870579,0.0002870579,0.0002870579,0.112437464,0.0002870579,0.0002870579,0.023331363
12420099,111,2,0.0002530486,0.0002530486,0.0002530486,0.0002530486,0.0002530486,0.0002530486,0.0002530486,0.0002530486,0.0002530486,0.0002530486,0.0002530486,0.0002530486,0.0002530486,0.0002530486,0.0002530486,0.0002530486,0.0002530486,0.0002530486,0.0002530486,0.0002530486,0.0002530486,0.0002530486,0.0002530486,0.0002530486,0.0002530486,0.0002530486,0.0002530486,0.0002530486,0.0002530486,0.0002530486,0.0002530486,0.0002530486,0.0002530486,0.0002530486,0.0002530486,0.0002530486,0.0002530486,0.0002530486,0.0002530486,0.0002530486,0.0002530486,0.0002530486,0.0002530486,0.0002530486,0.9870943,0.0002530486,0.0002530486,0.0002530486,0.0002530486,0.0002530486,0.0002530486,0.0002530486
12464332,111,2,0.00032053172,0.00032053172,0.00032053172,0.00032053172,0.00032053172,0.00032053172,0.00032053172,0.00032053172,0.00032053172,0.00032053172,0.00032053172,0.40243804,0.00032053172,0.00032053172,0.00032053172,0.00032053172,0.00032053172,0.00032053172,0.00032053172,0.00032053172,0.00032053172,0.00032053172,0.00032053172,0.00032053172,0.00032053172,0.00032053172,0.00032053172,0.00032053172,0.00032053172,0.00032053172,0.00032053172,0.00032053172,0.00032053172,0.00032053172,0.00032053172,0.00032053172,0.00032053172,0.00032053172,0.00032053172,0.00032053172,0.00032053172,0.00032053172,0.00032053172,0.00032053172,0.581536,0.00032053172,0.00032053172,0.00032053172,0.00032053172,0.00032053172,0.00032053172,0.00032053172
8522331,114,3,0.00020032596,0.00020032596,0.00020032596,0.9897819,0.00020032596,0.00020032596,0.00020032596,0.00020032596,0.00020032596,0.00020032596,0.00020032596,0.00020032596,0.00020032596,0.00020032596,0.00020032596,0.00020032596,0.00020032596,0.00020032596,0.00020032596,0.00020032596,0.00020032596,0.00020032596,0.00020032596,0.00020032596,0.00020032596,0.00020032596,0.00020032596,0.00020032596,0.00020032596,0.00020032596,0.00020032596,0.00020032596,0.00020032596,0.00020032596,0.00020032596,0.00020032596,0.00020032596,0.00020032596,0.00020032596,0.00020032596,0.00020032596,0.00020032596,0.00020032596,0.00020032596,0.00020032596,0.00020032596,0.00020032596,0.00020032596,0.00020032596,0.00020032596,0.00020032596,0.00020032596
8537055,114,3,0.0002564171,0.0002564171,0.0002564171,0.0002564171,0.0002564171,0.0002564171,0.0002564171,0.0002564171,0.0002564171,0.0002564171,0.0002564171,0.0002564171,0.0002564171,0.0002564171,0.0002564171,0.0002564171,0.0002564171,0.0002564171,0.0002564171,0.94673187,0.0002564171,0.0002564171,0.0002564171,0.0002564171,0.0002564171,0.0002564171,0.0002564171,0.0002564171,0.0002564171,0.0002564171,0.0002564171,0.0002564171,0.0002564171,0.0002564171,0.0002564171,0.0002564171,0.0002564171,0.040445995,0.0002564171,0.0002564171,0.0002564171,0.0002564171,0.0002564171,0.0002564171,0.0002564171,0.0002564171,0.0002564171,0.0002564171,0.0002564171,0.0002564171,0.0002564171,0.0002564171
8566954,114,3,0.00046907237,0.00046907237,0.00046907237,0.47276175,0.00046907237,0.00046907237,0.00046907237,0.00046907237,0.00046907237,0.00046907237,0.00046907237,0.00046907237,0.00046907237,0.00046907237,0.00046907237,0.00046907237,0.00046907237,0.00046907237,0.00046907237,0.00046907237,0.00046907237,0.00046907237,0.00046907237,0.00046907237,0.00046907237,0.00046907237,0.00046907237,0.00046907237,0.00046907237,0.00046907237,0.00046907237,0.00046907237,0.00046907237,0.00046907237,0.00046907237,0.00046907237,0.00046907237,0.00046907237,0.00046907237,0.00046907237,0.00046907237,0.00046907237,0.00046907237,0.00046907237,0.00046907237,0.00046907237,0.00046907237,0.00046907237,0.50378567,0.00046907237,0.00046907237,0.00046907237
8616874,114,3,0.00020033248,0.00020033248,0.00020033248,0.2584911,0.00020033248,0.00020033248,0.00020033248,0.00020033248,0.00020033248,0.00020033248,0.00020033248,0.00020033248,0.00020033248,0.00020033248,0.00020033248,0.00020033248,0.00020033248,0.00020033248,0.00020033248,0.18727489,0.00020033248,0.00020033248,0.00020033248,0.00020033248,0.00020033248,0.41599357,0.00020033248,0.00020033248,0.00020033248,0.00020033248,0.00020033248,0.00020033248,0.00020033248,0.00020033248,0.00020033248,0.00020033248,0.00020033248,0.12862389,0.00020033248,0.00020033248,0.00020033248,0.00020033248,0.00020033248,0.00020033248,0.00020033248,0.00020033248,0.00020033248,0.00020033248,0.00020033248,0.00020033248,0.00020033248,0.00020033248
9012588,114,3,0.0002404058,0.0002404058,0.0002404058,0.20169066,0.0002404058,0.0002404058,0.0002404058,0.0002404058,0.0002404058,0.0002404058,0.0002404058,0.0002404058,0.0002404058,0.0002404058,0.0002404058,0.0002404058,0.0002404058,0.0002404058,0.0002404058,0.0002404058,0.0002404058,0.0002404058,0.0002404058,0.0002404058,0.0002404058,0.0002404058,0.0002404058,0.0002404058,0.0002404058,0.0002404058,0.0002404058,0.0002404058,0.0002404058,0.0002404058,0.0002404058,0.0002404058,0.0002404058,0.41107935,0.0002404058,0.37545013,0.0002404058,0.0002404058,0.0002404058,0.0002404058,0.0002404058,0.0002404058,0.0002404058,0.0002404058,0.0002404058,0.0002404058,0.0002404058,0.0002404058
9156280,114,3,0.0001904081,0.0001904081,0.0001904081,0.0001904081,0.0001904081,0.0001904081,0.0001904081,0.0001904081,0.0001904081,0.0001904081,0.0001904081,0.0001904081,0.0001904081,0.0001904081,0.0001904081,0.0001904081,0.0001904081,0.0001904081,0.0001904081,0.0001904081,0.0001904081,0.0001904081,0.0001904081,0.0001904081,0.0001904081,0.0001904081,0.0001904081,0.0001904081,0.0001904081,0.0001904081,0.0001904081,0.0001904081,0.0001904081,0.0001904081,0.0001904081,0.0001904081,0.0001904081,0.0001904081,0.99028885,0.0001904081,0.0001904081,0.0001904081,0.0001904081,0.0001904081,0.0001904081,0.0001904081,0.0001904081,0.0001904081,0.0001904081,0.0001904081,0.0001904081,0.0001904081
9196022,114,3,0.00036285547,0.00036285547,0.00036285547,0.00036285547,0.00036285547,0.00036285547,0.00036285547,0.00036285547,0.00036285547,0.00036285547,0.00036285547,0.00036285547,0.00036285547,0.00036285547,0.00036285547,0.00036285547,0.00036285547,0.00036285547,0.00036285547,0.00036285547,0.00036285547,0.00036285547,0.00036285547,0.00036285547,0.00036285547,0.00036285547,0.9814948,0.00036285547,0.00036285547,0.00036285547,0.00036285547,0.00036285547,0.00036285547,0.00036285547,0.00036285547,0.00036285547,0.00036285547,0.00036285547,0.00036285547,0.00036285547,0.00036285547,0.00036285547,0.00036285547,0.00036285547,0.00036285547,0.00036285547,0.00036285547,0.00036285547,0.00036285547,0.00036285547,0.00036285547,0.00036285547
9220497,114,3,0.00018315698,0.00018315698,0.00018315698,0.00018315698,0.00018315698,0.00018315698,0.00018315698,0.00018315698,0.00018315698,0.00018315698,0.00018315698,0.00018315698,0.00018315698,0.00018315698,0.00018315698,0.00018315698,0.00018315698,0.00018315698,0.00018315698,0.00018315698,0.00018315698,0.00018315698,0.00018315698,0.00018315698,0.00018315698,0.00018315698,0.00018315698,0.00018315698,0.65219915,0.00018315698,0.00018315698,0.00018315698,0.00018315698,0.00018315698,0.00018315698,0.00018315698,0.00018315698,0.3386424,0.00018315698,0.00018315698,0.00018315698,0.00018315698,0.00018315698,0.00018315698,0.00018315698,0.00018315698,0.00018315698,0.00018315698,0.00018315698,0.00018315698,0.00018315698,0.00018315698
9276697,114,3,0.00019041308,0.00019041308,0.00019041308,0.00019041308,0.00019041308,0.00019041308,0.00019041308,0.00019041308,0.00019041308,0.00019041308,0.00019041308,0.00019041308,0.00019041308,0.00019041308,0.00019041308,0.00019041308,0.00019041308,0.00019041308,0.00019041308,0.00019041308,0.00019041308,0.00019041308,0.00019041308,0.00019041308,0.00019041308,0.00019041308,0.00019041308,0.00019041308,0.00019041308,0.00019041308,0.00019041308,0.00019041308,0.00019041308,0.00019041308,0.00019041308,0.00019041308,0.00019041308,0.9902885,0.00019041308,0.00019041308,0.00019041308,0.00019041308,0.00019041308,0.00019041308,0.00019041308,0.00019041308,0.00019041308,0.00019041308,0.00019041308,0.00019041308,0.00019041308,0.00019041308
9399850,114,3,0.0011312738,0.0011312738,0.0011312738,0.5219702,0.0011312738,0.0011312738,0.0011312738,0.0011312738,0.0011312738,0.0011312738,0.0011312738,0.0011312738,0.0011312738,0.0011312738,0.0011312738,0.0011312738,0.0011312738,0.0011312738,0.0011312738,0.0011312738,0.075443216,0.0011312738,0.0011312738,0.0011312738,0.0011312738,0.0011312738,0.0011312738,0.0011312738,0.0011312738,0.0011312738,0.0011312738,0.0011312738,0.0011312738,0.0011312738,0.0011312738,0.0011312738,0.0011312738,0.3471548,0.0011312738,0.0011312738,0.0011312738,0.0011312738,0.0011312738,0.0011312738,0.0011312738,0.0011312738,0.0011312738,0.0011312738,0.0011312738,0.0011312738,0.0011312738,0.0011312738
9536987,114,3,0.00021609059,0.00021609059,0.00021609059,0.00021609059,0.00021609059,0.00021609059,0.00021609059,0.00021609059,0.00021609059,0.00021609059,0.00021609059,0.00021609059,0.00021609059,0.00021609059,0.00021609059,0.00021609059,0.00021609059,0.00021609059,0.00021609059,0.00021609059,0.00021609059,0.00021609059,0.00021609059,0.00021609059,0.00021609059,0.00021609059,0.00021609059,0.00021609059,0.00021609059,0.00021609059,0.00021609059,0.00021609059,0.00021609059,0.00021609059,0.00021609059,0.00021609059,0.00021609059,0.46522686,0.00021609059,0.00021609059,0.00021609059,0.00021609059,0.00021609059,0.00021609059,0.00021609059,0.00021609059,0.00021609059,0.00021609059,0.00021609059,0.00021609059,0.00021609059,0.5239687
9566701,114,3,0.00028281263,0.00028281263,0.00028281263,0.00028281263,0.00028281263,0.00028281263,0.00028281263,0.00028281263,0.00028281263,0.00028281263,0.00028281263,0.00028281263,0.00028281263,0.00028281263,0.00028281263,0.00028281263,0.00028281263,0.00028281263,0.00028281263,0.00028281263,0.00028281263,0.00028281263,0.00028281263,0.00028281263,0.00028281263,0.00028281263,0.00028281263,0.00028281263,0.00028281263,0.00028281263,0.00028281263,0.00028281263,0.00028281263,0.00028281263,0.00028281263,0.00028281263,0.00028281263,0.9855759,0.00028281263,0.00028281263,0.00028281263,0.00028281263,0.00028281263,0.00028281263,0.00028281263,0.00028281263,0.00028281263,0.00028281263,0.00028281263,0.00028281263,0.00028281263,0.00028281263
9585611,114,3,0.00019231904,0.00019231904,0.00019231904,0.65872777,0.00019231904,0.00019231904,0.00019231904,0.00019231904,0.3316549,0.00019231904,0.00019231904,0.00019231904,0.00019231904,0.00019231904,0.00019231904,0.00019231904,0.00019231904,0.00019231904,0.00019231904,0.00019231904,0.00019231904,0.00019231904,0.00019231904,0.00019231904,0.00019231904,0.00019231904,0.00019231904,0.00019231904,0.00019231904,0.00019231904,0.00019231904,0.00019231904,0.00019231904,0.00019231904,0.00019231904,0.00019231904,0.00019231904,0.00019231904,0.00019231904,0.00019231904,0.00019231904,0.00019231904,0.00019231904,0.00019231904,0.00019231904,0.00019231904,0.00019231904,0.00019231904,0.00019231904,0.00019231904,0.00019231904,0.00019231904
10213492,114,3,0.00019426098,0.00019426098,0.00019426098,0.00019426098,0.00019426098,0.00019426098,0.00019426098,0.00019426098,0.00019426098,0.00019426098,0.00019426098,0.4801805,0.00019426098,0.00019426098,0.00019426098,0.00019426098,0.00019426098,0.00019426098,0.00019426098,0.00019426098,0.00019426098,0.00019426098,0.00019426098,0.00019426098,0.00019426098,0.00019426098,0.00019426098,0.00019426098,0.00019426098,0.00019426098,0.00019426098,0.00019426098,0.00019426098,0.00019426098,0.00019426098,0.00019426098,0.00019426098,0.5101062,0.00019426098,0.00019426098,0.00019426098,0.00019426098,0.00019426098,0.00019426098,0.00019426098,0.00019426098,0.00019426098,0.00019426098,0.00019426098,0.00019426098,0.00019426098,0.00019426098
10339655,114,3,0.00036983017,0.00036983017,0.00036983017,0.00036983017,0.00036983017,0.00036983017,0.00036983017,0.98113936,0.00036983017,0.00036983017,0.00036983017,0.00036983017,0.00036983017,0.00036983017,0.00036983017,0.00036983017,0.00036983017,0.00036983017,0.00036983017,0.00036983017,0.00036983017,0.00036983017,0.00036983017,0.00036983017,0.00036983017,0.00036983017,0.00036983017,0.00036983017,0.00036983017,0.00036983017,0.00036983017,0.00036983017,0.00036983017,0.00036983017,0.00036983017,0.00036983017,0.00036983017,0.00036983017,0.00036983017,0.00036983017,0.00036983017,0.00036983017,0.00036983017,0.00036983017,0.00036983017,0.00036983017,0.00036983017,0.00036983017,0.00036983017,0.00036983017,0.00036983017,0.00036983017
10502323,114,3,0.00017326728,0.00017326728,0.00017326728,0.267962,0.00017326728,0.00017326728,0.00017326728,0.00017326728,0.00017326728,0.00017326728,0.00017326728,0.00017326728,0.00017326728,0.00017326728,0.00017326728,0.00017326728,0.00017326728,0.00017326728,0.00017326728,0.00017326728,0.00017326728,0.00017326728,0.00017326728,0.00017326728,0.00017326728,0.00017326728,0.00017326728,0.00017326728,0.00017326728,0.00017326728,0.00017326728,0.00017326728,0.00017326728,0.00017326728,0.00017326728,0.00017326728,0.00017326728,0.46600023,0.00017326728,0.00017326728,0.00017326728,0.00017326728,0.00017326728,0.00017326728,0.00017326728,0.00017326728,0.00017326728,0.00017326728,0.2575476,0.00017326728,0.00017326728,0.00017326728
10526234,114,3,0.0002913904,0.04993001,0.0002913904,0.0002913904,0.0002913904,0.0002913904,0.0002913904,0.0002913904,0.0002913904,0.0002913904,0.0002913904,0.0002913904,0.0002913904,0.0002913904,0.0002913904,0.0002913904,0.0002913904,0.0002913904,0.0002913904,0.0002913904,0.0002913904,0.0002913904,0.0002913904,0.0002913904,0.0002913904,0.0002913904,0.0002913904,0.0002913904,0.0002913904,0.0002913904,0.0002913904,0.0002913904,0.0002913904,0.50510585,0.0002913904,0.11447219,0.0002913904,0.31650454,0.0002913904,0.0002913904,0.0002913904,0.0002913904,0.0002913904,0.0002913904,0.0002913904,0.0002913904,0.0002913904,0.0002913904,0.0002913904,0.0002913904,0.0002913904,0.0002913904
10717531,114,3,0.00027086912,0.00027086912,0.00027086912,0.00027086912,0.00027086912,0.00027086912,0.00027086912,0.00027086912,0.00027086912,0.00027086912,0.00027086912,0.00027086912,0.00027086912,0.00027086912,0.00027086912,0.00027086912,0.00027086912,0.00027086912,0.00027086912,0.00027086912,0.00027086912,0.00027086912,0.00027086912,0.00027086912,0.00027086912,0.00027086912,0.00027086912,0.00027086912,0.00027086912,0.00027086912,0.00027086912,0.00027086912,0.00027086912,0.00027086912,0.00027086912,0.00027086912,0.00027086912,0.9861851,0.00027086912,0.00027086912,0.00027086912,0.00027086912,0.00027086912,0.00027086912,0.00027086912,0.00027086912,0.00027086912,0.00027086912,0.00027086912,0.00027086912,0.00027086912,0.00027086912
10851078,114,3,0.0002747531,0.0002747531,0.0002747531,0.0002747531,0.0002747531,0.12127054,0.0002747531,0.0002747531,0.0002747531,0.0002747531,0.0002747531,0.0002747531,0.0002747531,0.0002747531,0.0002747531,0.0002747531,0.0002747531,0.0002747531,0.0002747531,0.0002747531,0.0002747531,0.0002747531,0.0002747531,0.27572387,0.0002747531,0.0002747531,0.0002747531,0.0002747531,0.0002747531,0.0002747531,0.0002747531,0.0002747531,0.0002747531,0.0002747531,0.0002747531,0.41788203,0.0002747531,0.17193498,0.0002747531,0.0002747531,0.0002747531,0.0002747531,0.0002747531,0.0002747531,0.0002747531,0.0002747531,0.0002747531,0.0002747531,0.0002747531,0.0002747531,0.0002747531,0.0002747531
10920985,114,3,0.00030049944,0.00030049944,0.00030049944,0.2515091,0.00030049944,0.00030049944,0.00030049944,0.00030049944,0.18452784,0.00030049944,0.00030049944,0.00030049944,0.00030049944,0.00030049944,0.00030049944,0.00030049944,0.00030049944,0.00030049944,0.00030049944,0.00030049944,0.00030049944,0.00030049944,0.00030049944,0.00030049944,0.00030049944,0.00030049944,0.00030049944,0.00030049944,0.00030049944,0.00030049944,0.00030049944,0.00030049944,0.00030049944,0.00030049944,0.00030049944,0.00030049944,0.00030049944,0.400268,0.00030049944,0.00030049944,0.00030049944,0.00030049944,0.00030049944,0.00030049944,0.00030049944,0.00030049944,0.00030049944,0.00030049944,0.00030049944,0.00030049944,0.1492717,0.00030049944
10921028,114,3,0.0001780741,0.0001780741,0.0001780741,0.36441863,0.0001780741,0.0001780741,0.0001780741,0.0001780741,0.0001780741,0.0001780741,0.0001780741,0.0001780741,0.0001780741,0.0001780741,0.050190587,0.0001780741,0.0001780741,0.0001780741,0.03546338,0.0001780741,0.0001780741,0.0001780741,0.0001780741,0.0001780741,0.0001780741,0.0001780741,0.0001780741,0.0001780741,0.0001780741,0.0001780741,0.0001780741,0.0001780741,0.0001780741,0.0001780741,0.0001780741,0.0001780741,0.0001780741,0.4232931,0.0001780741,0.0001780741,0.06057639,0.0001780741,0.0001780741,0.0001780741,0.0001780741,0.0001780741,0.0001780741,0.0001780741,0.057866387,0.0001780741,0.0001780741,0.0001780741
10936679,114,3,0.00031527955,0.00031527955,0.00031527955,0.00031527955,0.00031527955,0.00031527955,0.00031527955,0.00031527955,0.00031527955,0.00031527955,0.00031527955,0.00031527955,0.00031527955,0.00031527955,0.00031527955,0.00031527955,0.00031527955,0.00031527955,0.00031527955,0.00031527955,0.00031527955,0.00031527955,0.00031527955,0.00031527955,0.00031527955,0.00031527955,0.00031527955,0.00031527955,0.16877677,0.00031527955,0.00031527955,0.00031527955,0.00031527955,0.00031527955,0.00031527955,0.061343424,0.00031527955,0.67497677,0.037957486,0.00031527955,0.00031527955,0.042127572,0.00031527955,0.00031527955,0.00031527955,0.00031527955,0.00031527955,0.00031527955,0.00031527955,0.00031527955,0.00031527955,0.00031527955
11040191,114,3,0.00020458824,0.00020458824,0.00020458824,0.00020458824,0.00020458824,0.00020458824,0.00020458824,0.00020458824,0.00020458824,0.00020458824,0.00020458824,0.00020458824,0.00020458824,0.00020458824,0.00020458824,0.00020458824,0.00020458824,0.00020458824,0.00020458824,0.00020458824,0.00020458824,0.00020458824,0.00020458824,0.98956513,0.00020458824,0.00020458824,0.00020458824,0.00020458824,0.00020458824,0.00020458824,0.00020458824,0.00020458824,0.00020458824,0.00020458824,0.00020458824,0.00020458824,0.00020458824,0.00020458824,0.00020458824,0.00020458824,0.00020458824,0.00020458824,0.00020458824,0.00020458824,0.00020458824,0.00020458824,0.00020458824,0.00020458824,0.00020458824,0.00020458824,0.00020458824,0.00020458824
12059991,114,3,0.00037708392,0.00037708392,0.00037708392,0.00037708392,0.00037708392,0.00037708392,0.00037708392,0.00037708392,0.00037708392,0.00037708392,0.00037708392,0.00037708392,0.00037708392,0.00037708392,0.00037708392,0.00037708392,0.00037708392,0.00037708392,0.00037708392,0.00037708392,0.00037708392,0.00037708392,0.00037708392,0.00037708392,0.00037708392,0.00037708392,0.98076916,0.00037708392,0.00037708392,0.00037708392,0.00037708392,0.00037708392,0.00037708392,0.00037708392,0.00037708392,0.00037708392,0.00037708392,0.00037708392,0.00037708392,0.00037708392,0.00037708392,0.00037708392,0.00037708392,0.00037708392,0.00037708392,0.00037708392,0.00037708392,0.00037708392,0.00037708392,0.00037708392,0.00037708392,0.00037708392
7529048,116,4,0.00080129993,0.00080129993,0.00080129993,0.00080129993,0.00080129993,0.00080129993,0.00080129993,0.00080129993,0.00080129993,0.00080129993,0.00080129993,0.00080129993,0.00080129993,0.00080129993,0.00080129993,0.00080129993,0.00080129993,0.00080129993,0.00080129993,0.00080129993,0.00080129993,0.00080129993,0.95913476,0.00080129993,0.00080129993,0.00080129993,0.00080129993,0.00080129993,0.00080129993,0.00080129993,0.00080129993,0.00080129993,0.00080129993,0.00080129993,0.00080129993,0.00080129993,0.00080129993,0.00080129993,0.00080129993,0.00080129993,0.00080129993,0.00080129993,0.00080129993,0.00080129993,0.00080129993,0.00080129993,0.00080129993,0.00080129993,0.00080129993,0.00080129993,0.00080129993,0.00080129993
8607861,116,4,0.0003101787,0.0003101787,0.0003101787,0.0003101787,0.0003101787,0.0003101787,0.0003101787,0.0003101787,0.0003101787,0.0003101787,0.0003101787,0.0003101787,0.0003101787,0.0003101787,0.0003101787,0.0003101787,0.0003101787,0.0003101787,0.0003101787,0.0003101787,0.0003101787,0.0003101787,0.0003101787,0.0003101787,0.0003101787,0.0003101787,0.0003101787,0.0003101787,0.0003101787,0.0003101787,0.0003101787,0.0003101787,0.0003101787,0.0003101787,0.0003101787,0.0003101787,0.0003101787,0.0003101787,0.0003101787,0.0003101787,0.0003101787,0.0003101787,0.0003101787,0.0003101787,0.0003101787,0.984181,0.0003101787,0.0003101787,0.0003101787,0.0003101787,0.0003101787,0.0003101787
8665514,116,4,0.00020032571,0.00020032571,0.00020032571,0.00020032571,0.00020032571,0.00020032571,0.00020032571,0.00020032571,0.00020032571,0.00020032571,0.00020032571,0.00020032571,0.00020032571,0.00020032571,0.00020032571,0.00020032571,0.00020032571,0.00020032571,0.00020032571,0.00020032571,0.00020032571,0.00020032571,0.00020032571,0.00020032571,0.00020032571,0.00020032571,0.00020032571,0.00020032571,0.00020032571,0.00020032571,0.00020032571,0.00020032571,0.00020032571,0.00020032571,0.00020032571,0.00020032571,0.00020032571,0.00020032571,0.00020032571,0.00020032571,0.00020032571,0.00020032571,0.00020032571,0.00020032571,0.00020032571,0.98978317,0.00020032571,0.00020032571,0.00020032571,0.00020032571,0.00020032571,0.00020032571
8692980,116,4,0.00022105739,0.00022105739,0.00022105739,0.00022105739,0.00022105739,0.00022105739,0.00022105739,0.00022105739,0.00022105739,0.00022105739,0.00022105739,0.00022105739,0.00022105739,0.00022105739,0.00022105739,0.00022105739,0.00022105739,0.00022105739,0.00022105739,0.00022105739,0.00022105739,0.00022105739,0.00022105739,0.00022105739,0.00022105739,0.00022105739,0.00022105739,0.00022105739,0.00022105739,0.00022105739,0.00022105739,0.00022105739,0.00022105739,0.00022105739,0.00022105739,0.61594415,0.00022105739,0.00022105739,0.00022105739,0.00022105739,0.00022105739,0.00022105739,0.00022105739,0.3730028,0.00022105739,0.00022105739,0.00022105739,0.00022105739,0.00022105739,0.00022105739,0.00022105739,0.00022105739
8710868,116,4,0.00025304995,0.00025304995,0.00025304995,0.00025304995,0.00025304995,0.00025304995,0.00025304995,0.00025304995,0.00025304995,0.00025304995,0.00025304995,0.00025304995,0.00025304995,0.00025304995,0.00025304995,0.00025304995,0.00025304995,0.00025304995,0.00025304995,0.00025304995,0.00025304995,0.00025304995,0.00025304995,0.00025304995,0.00025304995,0.00025304995,0.00025304995,0.00025304995,0.00025304995,0.00025304995,0.00025304995,0.00025304995,0.00025304995,0.00025304995,0.00025304995,0.9870938,0.00025304995,0.00025304995,0.00025304995,0.00025304995,0.00025304995,0.00025304995,0.00025304995,0.00025304995,0.00025304995,0.00025304995,0.00025304995,0.00025304995,0.00025304995,0.00025304995,0.00025304995,0.00025304995
9056422,116,4,0.00019231689,0.00019231689,0.00019231689,0.00019231689,0.00019231689,0.00019231689,0.37813666,0.00019231689,0.00019231689,0.00019231689,0.00019231689,0.00019231689,0.00019231689,0.00019231689,0.00019231689,0.00019231689,0.00019231689,0.00019231689,0.00019231689,0.00019231689,0.00019231689,0.00019231689,0.26432213,0.00019231689,0.00019231689,0.00019231689,0.00019231689,0.00019231689,0.00019231689,0.21423744,0.00019231689,0.00019231689,0.00019231689,0.00019231689,0.00019231689,0.00019231689,0.00019231689,0.00019231689,0.00019231689,0.00019231689,0.00019231689,0.00019231689,0.00019231689,0.00019231689,0.00019231689,0.13407196,0.00019231689,0.00019231689,0.00019231689,0.00019231689,0.00019231689,0.00019231689
9205064,116,4,0.00017644011,0.00017644011,0.00017644011,0.00017644011,0.00017644011,0.00017644011,0.00017644011,0.00017644011,0.44037443,0.00017644011,0.00017644011,0.00017644011,0.00017644011,0.00017644011,0.00017644011,0.00017644011,0.00017644011,0.00017644011,0.00017644011,0.00017644011,0.00017644011,0.00017644011,0.00017644011,0.00017644011,0.00017644011,0.00017644011,0.00017644011,0.00017644011,0.00017644011,0.23897506,0.00017644011,0.00017644011,0.00017644011,0.00017644011,0.00017644011,0.00017644011,0.00017644011,0.00017644011,0.00017644011,0.00017644011,0.00017644011,0.00017644011,0.31200445,0.00017644011,0.00017644011,0.00017644011,0.00017644011,0.00017644011,0.00017644011,0.00017644011,0.00017644011,0.00017644011
9342439,116,4,0.56505567,0.00023453253,0.00023453253,0.00023453253,0.00023453253,0.00023453253,0.00023453253,0.00023453253,0.00023453253,0.00023453253,0.00023453253,0.00023453253,0.00023453253,0.00023453253,0.00023453253,0.00023453253,0.00023453253,0.00023453253,0.00023453253,0.00023453253,0.00023453253,0.00023453253,0.00023453253,0.00023453253,0.00023453253,0.00023453253,0.00023453253,0.00023453253,0.00023453253,0.00023453253,0.00023453253,0.00023453253,0.00023453253,0.00023453253,0.00023453253,0.00023453253,0.00023453253,0.00023453253,0.00023453253,0.00023453253,0.00023453253,0.00023453253,0.00023453253,0.00023453253,0.00023453253,0.42321795,0.00023453253,0.00023453253,0.00023453253,0.00023453253,0.00023453253,0.00023453253
9394418,116,4,0.73080134,0.00019231725,0.00019231725,0.00019231725,0.00019231725,0.00019231725,0.00019231725,0.00019231725,0.00019231725,0.00019231725,0.00019231725,0.00019231725,0.00019231725,0.00019231725,0.00019231725,0.00019231725,0.00019231725,0.00019231725,0.00019231725,0.00019231725,0.00019231725,0.00019231725,0.00019231725,0.00019231725,0.00019231725,0.00019231725,0.00019231725,0.00019231725,0.00019231725,0.00019231725,0.00019231725,0.00019231725,0.00019231725,0.00019231725,0.00019231725,0.00019231725,0.00019231725,0.00019231725,0.00019231725,0.00019231725,0.00019231725,0.00019231725,0.00019231725,0.00019231725,0.00019231725,0.2595813,0.00019231725,0.00019231725,0.00019231725,0.00019231725,0.00019231725,0.00019231725
9413807,116,4,0.00017483142,0.00017483142,0.00017483142,0.00017483142,0.00017483142,0.00017483142,0.00017483142,0.00017483142,0.00017483142,0.00017483142,0.00017483142,0.00017483142,0.00017483142,0.00017483142,0.00017483142,0.00017483142,0.00017483142,0.00017483142,0.00017483142,0.00017483142,0.00017483142,0.00017483142,0.00017483142,0.00017483142,0.00017483142,0.00017483142,0.00017483142,0.00017483142,0.00017483142,0.00017483142,0.00017483142,0.00017483142,0.00017483142,0.00017483142,0.00017483142,0.00017483142,0.00017483142,0.00017483142,0.00017483142,0.00017483142,0.00017483142,0.00017483142,0.00017483142,0.00017483142,0.00017483142,0.42304254,0.00017483142,0.00017483142,0.00017483142,0.00017483142,0.00017483142,0.56821597
9516080,116,4,0.00017325481,0.00017325481,0.00017325481,0.00017325481,0.00017325481,0.00017325481,0.00017325481,0.00017325481,0.00017325481,0.00017325481,0.00017325481,0.00017325481,0.00017325481,0.00017325481,0.00017325481,0.00017325481,0.00017325481,0.00017325481,0.00017325481,0.00017325481,0.00017325481,0.00017325481,0.9911632,0.00017325481,0.00017325481,0.00017325481,0.00017325481,0.00017325481,0.00017325481,0.00017325481,0.00017325481,0.00017325481,0.00017325481,0.00017325481,0.00017325481,0.00017325481,0.00017325481,0.00017325481,0.00017325481,0.00017325481,0.00017325481,0.00017325481,0.00017325481,0.00017325481,0.00017325481,0.00017325481,0.00017325481,0.00017325481,0.00017325481,0.00017325481,0.00017325481,0.00017325481
9545345,116,4,0.00020032345,0.00020032345,0.00020032345,0.00020032345,0.00020032345,0.00020032345,0.00020032345,0.00020032345,0.00020032345,0.00020032345,0.00020032345,0.00020032345,0.00020032345,0.00020032345,0.00020032345,0.00020032345,0.00020032345,0.00020032345,0.00020032345,0.00020032345,0.00020032345,0.00020032345,0.00020032345,0.00020032345,0.00020032345,0.00020032345,0.00020032345,0.00020032345,0.00020032345,0.00020032345,0.00020032345,0.00020032345,0.00020032345,0.00020032345,0.00020032345,0.00020032345,0.00020032345,0.00020032345,0.00020032345,0.00020032345,0.00020032345,0.00020032345,0.9897832,0.00020032345,0.00020032345,0.00020032345,0.00020032345,0.00020032345,0.00020032345,0.00020032345,0.00020032345,0.00020032345
9699666,116,4,0.00020679239,0.00020679239,0.00020679239,0.00020679239,0.00020679239,0.00020679239,0.00020679239,0.00020679239,0.00020679239,0.00020679239,0.00020679239,0.00020679239,0.00020679239,0.00020679239,0.00020679239,0.00020679239,0.00020679239,0.00020679239,0.00020679239,0.00020679239,0.00020679239,0.00020679239,0.00020679239,0.00020679239,0.00020679239,0.00020679239,0.00020679239,0.00020679239,0.00020679239,0.00020679239,0.00020679239,0.00020679239,0.00020679239,0.00020679239,0.00020679239,0.8519422,0.00020679239,0.00020679239,0.00020679239,0.00020679239,0.00020679239,0.00020679239,0.00020679239,0.00020679239,0.00020679239,0.00020679239,0.00020679239,0.00020679239,0.00020679239,0.00020679239,0.13771765,0.00020679239
9766646,116,4,0.00023744423,0.00023744423,0.00023744423,0.00023744423,0.00023744423,0.00023744423,0.00023744423,0.00023744423,0.00023744423,0.00023744423,0.00023744423,0.00023744423,0.00023744423,0.00023744423,0.00023744423,0.00023744423,0.00023744423,0.00023744423,0.00023744423,0.00023744423,0.00023744423,0.00023744423,0.00023744423,0.00023744423,0.00023744423,0.00023744423,0.00023744423,0.00023744423,0.00023744423,0.00023744423,0.00023744423,0.00023744423,0.00023744423,0.00023744423,0.00023744423,0.00023744423,0.00023744423,0.12156764,0.00023744423,0.00023744423,0.00023744423,0.068428695,0.22287966,0.00023744423,0.00023744423,0.5757265,0.00023744423,0.00023744423,0.00023744423,0.00023744423,0.00023744423,0.00023744423
9815941,116,4,0.00025304,0.00025304,0.00025304,0.00025304,0.00025304,0.00025304,0.00025304,0.00025304,0.00025304,0.00025304,0.00025304,0.00025304,0.00025304,0.00025304,0.00025304,0.00025304,0.00025304,0.00025304,0.00025304,0.00025304,0.00025304,0.00025304,0.00025304,0.00025304,0.00025304,0.00025304,0.00025304,0.00025304,0.00025304,0.9870941,0.00025304,0.00025304,0.00025304,0.00025304,0.00025304,0.00025304,0.00025304,0.00025304,0.00025304,0.00025304,0.00025304,0.00025304,0.00025304,0.00025304,0.00025304,0.00025304,0.00025304,0.00025304,0.00025304,0.00025304,0.00025304,0.00025304
10026153,116,4,0.00028704733,0.00028704733,0.00028704733,0.00028704733,0.00028704733,0.00028704733,0.00028704733,0.00028704733,0.00028704733,0.00028704733,0.00028704733,0.00028704733,0.033682212,0.00028704733,0.00028704733,0.00028704733,0.00028704733,0.00028704733,0.00028704733,0.00028704733,0.00028704733,0.00028704733,0.00028704733,0.00028704733,0.00028704733,0.00028704733,0.00028704733,0.00028704733,0.00028704733,0.00028704733,0.00028704733,0.00028704733,0.00028704733,0.00028704733,0.00028704733,0.00028704733,0.00028704733,0.55412287,0.00028704733,0.00028704733,0.00028704733,0.00028704733,0.1758138,0.00028704733,0.00028704733,0.22260271,0.00028704733,0.00028704733,0.00028704733,0.00028704733,0.00028704733,0.00028704733
10435587,116,4,0.00025642425,0.00025642425,0.00025642425,0.00025642425,0.00025642425,0.00025642425,0.00025642425,0.00025642425,0.00025642425,0.00025642425,0.00025642425,0.00025642425,0.00025642425,0.00025642425,0.00025642425,0.00025642425,0.00025642425,0.00025642425,0.00025642425,0.00025642425,0.00025642425,0.00025642425,0.00025642425,0.00025642425,0.00025642425,0.00025642425,0.00025642425,0.00025642425,0.00025642425,0.00025642425,0.00025642425,0.00025642425,0.00025642425,0.00025642425,0.00025642425,0.81735337,0.00025642425,0.16982487,0.00025642425,0.00025642425,0.00025642425,0.00025642425,0.00025642425,0.00025642425,0.00025642425,0.00025642425,0.00025642425,0.00025642425,0.00025642425,0.00025642425,0.00025642425,0.00025642425
10669726,116,4,0.00018491788,0.00018491788,0.00018491788,0.00018491788,0.00018491788,0.00018491788,0.00018491788,0.00018491788,0.00018491788,0.00018491788,0.00018491788,0.00018491788,0.00018491788,0.00018491788,0.00018491788,0.00018491788,0.00018491788,0.00018491788,0.00018491788,0.00018491788,0.00018491788,0.00018491788,0.00018491788,0.00018491788,0.00018491788,0.00018491788,0.00018491788,0.00018491788,0.00018491788,0.00018491788,0.00018491788,0.00018491788,0.00018491788,0.00018491788,0.00018491788,0.00018491788,0.00018491788,0.00018491788,0.00018491788,0.00018491788,0.00018491788,0.00018491788,0.38596022,0.60479367,0.00018491788,0.00018491788,0.00018491788,0.00018491788,0.00018491788,0.00018491788,0.00018491788,0.00018491788
10674396,116,4,0.00011116652,0.00011116652,0.00011116652,0.00011116652,0.00011116652,0.00011116652,0.00011116652,0.00011116652,0.00011116652,0.00011116652,0.62045187,0.00011116652,0.00011116652,0.00011116652,0.00011116652,0.00011116652,0.00011116652,0.00011116652,0.00011116652,0.00011116652,0.00011116652,0.00011116652,0.00011116652,0.00011116652,0.00011116652,0.00011116652,0.00011116652,0.00011116652,0.00011116652,0.00011116652,0.00011116652,0.00011116652,0.00011116652,0.00011116652,0.00011116652,0.00011116652,0.00011116652,0.00011116652,0.00011116652,0.00011116652,0.00011116652,0.00011116652,0.22828925,0.00011116652,0.00011116652,0.14581138,0.00011116652,0.00011116652,0.00011116652,0.00011116652,0.00011116652,0.00011116652
10766344,116,4,0.00020458932,0.00020458932,0.00020458932,0.00020458932,0.00020458932,0.00020458932,0.00020458932,0.00020458932,0.00020458932,0.00020458932,0.00020458932,0.00020458932,0.00020458932,0.00020458932,0.00020458932,0.00020458932,0.00020458932,0.00020458932,0.9895649,0.00020458932,0.00020458932,0.00020458932,0.00020458932,0.00020458932,0.00020458932,0.00020458932,0.00020458932,0.00020458932,0.00020458932,0.00020458932,0.00020458932,0.00020458932,0.00020458932,0.00020458932,0.00020458932,0.00020458932,0.00020458932,0.00020458932,0.00020458932,0.00020458932,0.00020458932,0.00020458932,0.00020458932,0.00020458932,0.00020458932,0.00020458932,0.00020458932,0.00020458932,0.00020458932,0.00020458932,0.00020458932,0.00020458932
10791772,116,4,0.00019232085,0.00019232085,0.00019232085,0.00019232085,0.00019232085,0.00019232085,0.00019232085,0.00019232085,0.00019232085,0.00019232085,0.00019232085,0.00019232085,0.00019232085,0.00019232085,0.00019232085,0.00019232085,0.00019232085,0.00019232085,0.00019232085,0.00019232085,0.00019232085,0.00019232085,0.10262824,0.00019232085,0.00019232085,0.00019232085,0.00019232085,0.00019232085,0.00019232085,0.19881618,0.00019232085,0.00019232085,0.00019232085,0.00019232085,0.00019232085,0.5391322,0.00019232085,0.00019232085,0.00019232085,0.00019232085,0.00019232085,0.00019232085,0.15019159,0.00019232085,0.00019232085,0.00019232085,0.00019232085,0.00019232085,0.00019232085,0.00019232085,0.00019232085,0.00019232085
10851068,116,4,0.0003259538,0.0003259538,0.0003259538,0.0003259538,0.98337704,0.0003259538,0.0003259538,0.0003259538,0.0003259538,0.0003259538,0.0003259538,0.0003259538,0.0003259538,0.0003259538,0.0003259538,0.0003259538,0.0003259538,0.0003259538,0.0003259538,0.0003259538,0.0003259538,0.0003259538,0.0003259538,0.0003259538,0.0003259538,0.0003259538,0.0003259538,0.0003259538,0.0003259538,0.0003259538,0.0003259538,0.0003259538,0.0003259538,0.0003259538,0.0003259538,0.0003259538,0.0003259538,0.0003259538,0.0003259538,0.0003259538,0.0003259538,0.0003259538,0.0003259538,0.0003259538,0.0003259538,0.0003259538,0.0003259538,0.0003259538,0.0003259538,0.0003259538,0.0003259538,0.0003259538
11005099,116,4,0.00025307894,0.00025307894,0.00025307894,0.00025307894,0.00025307894,0.00025307894,0.00025307894,0.00025307894,0.00025307894,0.00025307894,0.00025307894,0.00025307894,0.00025307894,0.00025307894,0.00025307894,0.00025307894,0.00025307894,0.00025307894,0.18364793,0.00025307894,0.00025307894,0.00025307894,0.00025307894,0.00025307894,0.00025307894,0.00025307894,0.00025307894,0.00025307894,0.00025307894,0.00025307894,0.00025307894,0.00025307894,0.00025307894,0.10759678,0.00025307894,0.00025307894,0.00025307894,0.00025307894,0.00025307894,0.00025307894,0.00025307894,0.00025307894,0.00025307894,0.00025307894,0.00025307894,0.2160509,0.00025307894,0.00025307894,0.111613564,0.14424108,0.00025307894,0.22520828
12374697,116,4,0.00021368414,0.00021368414,0.00021368414,0.00021368414,0.00021368414,0.00021368414,0.00021368414,0.00021368414,0.00021368414,0.00021368414,0.00021368414,0.00021368414,0.00021368414,0.00021368414,0.00021368414,0.00021368414,0.00021368414,0.00021368414,0.00021368414,0.00021368414,0.00021368414,0.00021368414,0.00021368414,0.00021368414,0.00021368414,0.00021368414,0.00021368414,0.00021368414,0.00021368414,0.00021368414,0.00021368414,0.00021368414,0.00021368414,0.00021368414,0.00021368414,0.9891015,0.00021368414,0.00021368414,0.00021368414,0.00021368414,0.00021368414,0.00021368414,0.00021368414,0.00021368414,0.00021368414,0.00021368414,0.00021368414,0.00021368414,0.00021368414,0.00021368414,0.00021368414,0.00021368414
7585009,117,5,0.00023170073,0.9881815,0.00023170073,0.00023170073,0.00023170073,0.00023170073,0.00023170073,0.00023170073,0.00023170073,0.00023170073,0.00023170073,0.00023170073,0.00023170073,0.00023170073,0.00023170073,0.00023170073,0.00023170073,0.00023170073,0.00023170073,0.00023170073,0.00023170073,0.00023170073,0.00023170073,0.00023170073,0.00023170073,0.00023170073,0.00023170073,0.00023170073,0.00023170073,0.00023170073,0.00023170073,0.00023170073,0.00023170073,0.00023170073,0.00023170073,0.00023170073,0.00023170073,0.00023170073,0.00023170073,0.00023170073,0.00023170073,0.00023170073,0.00023170073,0.00023170073,0.00023170073,0.00023170073,0.00023170073,0.00023170073,0.00023170073,0.00023170073,0.00023170073,0.00023170073
7696609,117,5,0.00030050174,0.00030050174,0.00030050174,0.00030050174,0.00030050174,0.00030050174,0.00030050174,0.00030050174,0.00030050174,0.00030050174,0.00030050174,0.30074942,0.00030050174,0.00030050174,0.00030050174,0.00030050174,0.00030050174,0.00030050174,0.00030050174,0.00030050174,0.00030050174,0.00030050174,0.00030050174,0.00030050174,0.00030050174,0.00030050174,0.00030050174,0.00030050174,0.00030050174,0.00030050174,0.00030050174,0.00030050174,0.00030050174,0.00030050174,0.00030050174,0.00030050174,0.00030050174,0.00030050174,0.00030050174,0.6842261,0.00030050174,0.00030050174,0.00030050174,0.00030050174,0.00030050174,0.00030050174,0.00030050174,0.00030050174,0.00030050174,0.00030050174,0.00030050174,0.00030050174
7847069,117,5,0.00024655293,0.00024655293,0.00024655293,0.00024655293,0.00024655293,0.00024655293,0.00024655293,0.00024655293,0.00024655293,0.00024655293,0.00024655293,0.00024655293,0.00024655293,0.00024655293,0.00024655293,0.00024655293,0.00024655293,0.00024655293,0.00024655293,0.00024655293,0.00024655293,0.00024655293,0.00024655293,0.00024655293,0.00024655293,0.00024655293,0.00024655293,0.00024655293,0.00024655293,0.00024655293,0.00024655293,0.00024655293,0.00024655293,0.00024655293,0.00024655293,0.00024655293,0.00024655293,0.00024655293,0.9874253,0.00024655293,0.00024655293,0.00024655293,0.00024655293,0.00024655293,0.00024655293,0.00024655293,0.00024655293,0.00024655293,0.00024655293,0.00024655293,0.00024655293,0.00024655293
8058160,117,5,0.00031526518,0.00031526518,0.00031526518,0.00031526518,0.00031526518,0.00031526518,0.00031526518,0.00031526518,0.00031526518,0.00031526518,0.00031526518,0.00031526518,0.00031526518,0.00031526518,0.00031526518,0.00031526518,0.00031526518,0.00031526518,0.00031526518,0.00031526518,0.00031526518,0.00031526518,0.00031526518,0.00031526518,0.00031526518,0.00031526518,0.00031526518,0.00031526518,0.00031526518,0.00031526518,0.00031526518,0.102589734,0.00031526518,0.00031526518,0.00031526518,0.00031526518,0.8816472,0.00031526518,0.00031526518,0.00031526518,0.00031526518,0.00031526518,0.00031526518,0.00031526518,0.00031526518,0.00031526518,0.00031526518,0.00031526518,0.00031526518,0.00031526518,0.00031526518,0.00031526518
8309588,117,5,0.00033158128,0.00033158128,0.00033158128,0.00033158128,0.00033158128,0.00033158128,0.00033158128,0.00033158128,0.21930404,0.00033158128,0.00033158128,0.00033158128,0.00033158128,0.036130756,0.00033158128,0.00033158128,0.00033158128,0.00033158128,0.00033158128,0.00033158128,0.00033158128,0.00033158128,0.00033158128,0.00033158128,0.00033158128,0.00033158128,0.00033158128,0.00033158128,0.00033158128,0.00033158128,0.00033158128,0.27627328,0.00033158128,0.00033158128,0.00033158128,0.00033158128,0.00033158128,0.00033158128,0.00033158128,0.00033158128,0.00033158128,0.00033158128,0.00033158128,0.00033158128,0.00033158128,0.00033158128,0.00033158128,0.00033158128,0.45237622,0.00033158128,0.00033158128,0.00033158128
8740984,117,5,0.0002530464,0.0002530464,0.0002530464,0.0002530464,0.0002530464,0.0002530464,0.0002530464,0.0002530464,0.0002530464,0.0002530464,0.0002530464,0.0002530464,0.0002530464,0.0002530464,0.0002530464,0.0002530464,0.0002530464,0.0002530464,0.0002530464,0.0002530464,0.0002530464,0.0002530464,0.0002530464,0.0002530464,0.0002530464,0.0002530464,0.0002530464,0.0002530464,0.0002530464,0.0002530464,0.0002530464,0.0002530464,0.0002530464,0.0002530464,0.0002530464,0.0002530464,0.0002530464,0.0002530464,0.0002530464,0.7535258,0.23382148,0.0002530464,0.0002530464,0.0002530464,0.0002530464,0.0002530464,0.0002530464,0.0002530464,0.0002530464,0.0002530464,0.0002530464,0.0002530464
8826994,117,5,0.00017019159,0.00017019159,0.00017019159,0.00017019159,0.00017019159,0.00017019159,0.00017019159,0.00017019159,0.00017019159,0.00017019159,0.00017019159,0.00017019159,0.00017019159,0.00017019159,0.00017019159,0.00017019159,0.00017019159,0.56796324,0.00017019159,0.00017019159,0.00017019159,0.00017019159,0.00017019159,0.00017019159,0.00017019159,0.00017019159,0.00017019159,0.00017019159,0.00017019159,0.00017019159,0.00017019159,0.42352638,0.00017019159,0.00017019159,0.00017019159,0.00017019159,0.00017019159,0.00017019159,0.00017019159,0.00017019159,0.00017019159,0.00017019159,0.00017019159,0.00017019159,0.00017019159,0.00017019159,0.00017019159,0.00017019159,0.00017019159,0.00017019159,0.00017019159,0.00017019159
9129722,117,5,0.00019425913,0.00019425913,0.00019425913,0.00019425913,0.00019425913,0.00019425913,0.00019425913,0.00019425913,0.00019425913,0.00019425913,0.00019425913,0.00019425913,0.00019425913,0.00019425913,0.00019425913,0.00019425913,0.00019425913,0.00019425913,0.00019425913,0.00019425913,0.00019425913,0.00019425913,0.00019425913,0.00019425913,0.00019425913,0.00019425913,0.00019425913,0.00019425913,0.00019425913,0.00019425913,0.00019425913,0.09576767,0.00019425913,0.00019425913,0.00019425913,0.00019425913,0.00019425913,0.00019425913,0.00019425913,0.00019425913,0.00019425913,0.00019425913,0.00019425913,0.00019425913,0.00019425913,0.00019425913,0.00019425913,0.00019425913,0.8945193,0.00019425913,0.00019425913,0.00019425913
9218507,117,5,0.00020459552,0.00020459552,0.00020459552,0.00020459552,0.00020459552,0.00020459552,0.00020459552,0.00020459552,0.00020459552,0.00020459552,0.00020459552,0.00020459552,0.00020459552,0.00020459552,0.00020459552,0.00020459552,0.00020459552,0.00020459552,0.00020459552,0.00020459552,0.00020459552,0.00020459552,0.00020459552,0.00020459552,0.00020459552,0.00020459552,0.00020459552,0.00020459552,0.00020459552,0.00020459552,0.00020459552,0.00020459552,0.00020459552,0.00020459552,0.00020459552,0.00020459552,0.00020459552,0.00020459552,0.00020459552,0.00020459552,0.00020459552,0.00020459552,0.00020459552,0.00020459552,0.00020459552,0.00020459552,0.00020459552,0.00020459552,0.9895655,0.00020459552,0.00020459552,0.00020459552
9265639,117,5,0.00014908778,0.00014908778,0.00014908778,0.00014908778,0.00014908778,0.00014908778,0.00014908778,0.00014908778,0.00014908778,0.00014908778,0.00014908778,0.00014908778,0.00014908778,0.00014908778,0.00014908778,0.00014908778,0.00014908778,0.00014908778,0.00014908778,0.00014908778,0.00014908778,0.00014908778,0.00014908778,0.00014908778,0.00014908778,0.40898925,0.00014908778,0.00014908778,0.00014908778,0.00014908778,0.00014908778,0.27045867,0.00014908778,0.00014908778,0.00014908778,0.00014908778,0.00014908778,0.00014908778,0.00014908778,0.00014908778,0.00014908778,0.00014908778,0.00014908778,0.00014908778,0.00014908778,0.00014908778,0.00014908778,0.00014908778,0.31324658,0.00014908778,0.00014908778,0.00014908778
9369084,117,5,0.00011312461,0.00011312461,0.00011312461,0.00011312461,0.00011312461,0.00011312461,0.00011312461,0.00011312461,0.00011312461,0.00011312461,0.00011312461,0.00011312461,0.00011312461,0.00011312461,0.00011312461,0.00011312461,0.00011312461,0.00011312461,0.00011312461,0.00011312461,0.00011312461,0.00011312461,0.00011312461,0.00011312461,0.00011312461,0.00011312461,0.00011312461,0.00011312461,0.00011312461,0.00011312461,0.00011312461,0.99423116,0.00011312461,0.00011312461,0.00011312461,0.00011312461,0.00011312461,0.00011312461,0.00011312461,0.00011312461,0.00011312461,0.00011312461,0.00011312461,0.00011312461,0.00011312461,0.00011312461,0.00011312461,0.00011312461,0.00011312461,0.00011312461,0.00011312461,0.00011312461
9436725,117,5,0.60126543,0.00018142801,0.00018142801,0.00018142801,0.00018142801,0.00018142801,0.00018142801,0.00018142801,0.00018142801,0.00018142801,0.00018142801,0.00018142801,0.00018142801,0.00018142801,0.00018142801,0.00018142801,0.00018142801,0.00018142801,0.00018142801,0.00018142801,0.00018142801,0.00018142801,0.00018142801,0.00018142801,0.00018142801,0.00018142801,0.00018142801,0.00018142801,0.00018142801,0.00018142801,0.00018142801,0.3896623,0.00018142801,0.00018142801,0.00018142801,0.00018142801,0.00018142801,0.00018142801,0.00018142801,0.00018142801,0.00018142801,0.00018142801,0.00018142801,0.00018142801,0.00018142801,0.00018142801,0.00018142801,0.00018142801,0.00018142801,0.00018142801,0.00018142801,0.00018142801
9470136,117,5,0.0005656338,0.0005656338,0.0005656338,0.0005656338,0.0005656338,0.0005656338,0.0005656338,0.0005656338,0.41847476,0.0005656338,0.0005656338,0.0005656338,0.0005656338,0.0005656338,0.0005656338,0.0005656338,0.0005656338,0.0005656338,0.0005656338,0.0005656338,0.0005656338,0.0005656338,0.0005656338,0.0005656338,0.0005656338,0.0005656338,0.0005656338,0.0005656338,0.0005656338,0.0005656338,0.0005656338,0.55324405,0.0005656338,0.0005656338,0.0005656338,0.0005656338,0.0005656338,0.0005656338,0.0005656338,0.0005656338,0.0005656338,0.0005656338,0.0005656338,0.0005656338,0.0005656338,0.0005656338,0.0005656338,0.0005656338,0.0005656338,0.0005656338,0.0005656338,0.0005656338
9700658,117,5,0.00023742465,0.00023742465,0.00023742465,0.00023742465,0.00023742465,0.00023742465,0.00023742465,0.00023742465,0.00023742465,0.00023742465,0.00023742465,0.00023742465,0.00023742465,0.00023742465,0.00023742465,0.00023742465,0.00023742465,0.00023742465,0.00023742465,0.00023742465,0.00023742465,0.00023742465,0.00023742465,0.00023742465,0.00023742465,0.00023742465,0.7191745,0.00023742465,0.00023742465,0.00023742465,0.00023742465,0.26895362,0.00023742465,0.00023742465,0.00023742465,0.00023742465,0.00023742465,0.00023742465,0.00023742465,0.00023742465,0.00023742465,0.00023742465,0.00023742465,0.00023742465,0.00023742465,0.00023742465,0.00023742465,0.00023742465,0.00023742465,0.00023742465,0.00023742465,0.00023742465
9721442,117,5,0.00030048646,0.00030048646,0.00030048646,0.00030048646,0.00030048646,0.00030048646,0.00030048646,0.00030048646,0.00030048646,0.00030048646,0.00030048646,0.00030048646,0.00030048646,0.9846757,0.00030048646,0.00030048646,0.00030048646,0.00030048646,0.00030048646,0.00030048646,0.00030048646,0.00030048646,0.00030048646,0.00030048646,0.00030048646,0.00030048646,0.00030048646,0.00030048646,0.00030048646,0.00030048646,0.00030048646,0.00030048646,0.00030048646,0.00030048646,0.00030048646,0.00030048646,0.00030048646,0.00030048646,0.00030048646,0.00030048646,0.00030048646,0.00030048646,0.00030048646,0.00030048646,0.00030048646,0.00030048646,0.00030048646,0.00030048646,0.00030048646,0.00030048646,0.00030048646,0.00030048646
9876967,117,5,0.0003259668,0.0003259668,0.0003259668,0.0003259668,0.0003259668,0.0003259668,0.0003259668,0.0003259668,0.18479367,0.0003259668,0.0003259668,0.0003259668,0.0003259668,0.0003259668,0.0003259668,0.0003259668,0.0003259668,0.0003259668,0.0003259668,0.0003259668,0.0003259668,0.0003259668,0.0003259668,0.0003259668,0.0003259668,0.0003259668,0.0003259668,0.0003259668,0.0003259668,0.0003259668,0.0003259668,0.5479114,0.0003259668,0.0003259668,0.0003259668,0.0003259668,0.0003259668,0.0003259668,0.0003259668,0.0003259668,0.0003259668,0.0003259668,0.0003259668,0.0003259668,0.0003259668,0.0003259668,0.0003259668,0.0003259668,0.25132278,0.0003259668,0.0003259668,0.0003259668
10431657,117,5,0.00033741802,0.00033741802,0.00033741802,0.00033741802,0.00033741802,0.16968432,0.00033741802,0.00033741802,0.00033741802,0.00033741802,0.00033741802,0.00033741802,0.00033741802,0.00033741802,0.00033741802,0.00033741802,0.00033741802,0.00033741802,0.00033741802,0.00033741802,0.21336918,0.00033741802,0.00033741802,0.00033741802,0.00033741802,0.11131646,0.00033741802,0.00033741802,0.00033741802,0.00033741802,0.00033741802,0.4603028,0.00033741802,0.00033741802,0.00033741802,0.00033741802,0.00033741802,0.00033741802,0.02946905,0.00033741802,0.00033741802,0.00033741802,0.00033741802,0.00033741802,0.00033741802,0.00033741802,0.00033741802,0.00033741802,0.00033741802,0.00033741802,0.00033741802,0.00033741802
10507547,117,5,0.00022105651,0.00022105651,0.00022105651,0.00022105651,0.00022105651,0.00022105651,0.00022105651,0.00022105651,0.00022105651,0.00022105651,0.00022105651,0.00022105651,0.00022105651,0.00022105651,0.053964935,0.00022105651,0.00022105651,0.00022105651,0.00022105651,0.00022105651,0.00022105651,0.00022105651,0.00022105651,0.00022105651,0.00022105651,0.00022105651,0.00022105651,0.00022105651,0.00022105651,0.00022105651,0.00022105651,0.00022105651,0.00022105651,0.00022105651,0.00022105651,0.00022105651,0.00022105651,0.00022105651,0.00022105651,0.00022105651,0.00022105651,0.00022105651,0.00022105651,0.00022105651,0.00022105651,0.00022105651,0.00022105651,0.00022105651,0.9349821,0.00022105651,0.00022105651,0.00022105651
10559556,117,5,0.0004180686,0.0004180686,0.0004180686,0.0004180686,0.0004180686,0.0004180686,0.0004180686,0.0004180686,0.0004180686,0.0004180686,0.0004180686,0.0004180686,0.0004180686,0.97867924,0.0004180686,0.0004180686,0.0004180686,0.0004180686,0.0004180686,0.0004180686,0.0004180686,0.0004180686,0.0004180686,0.0004180686,0.0004180686,0.0004180686,0.0004180686,0.0004180686,0.0004180686,0.0004180686,0.0004180686,0.0004180686,0.0004180686,0.0004180686,0.0004180686,0.0004180686,0.0004180686,0.0004180686,0.0004180686,0.0004180686,0.0004180686,0.0004180686,0.0004180686,0.0004180686,0.0004180686,0.0004180686,0.0004180686,0.0004180686,0.0004180686,0.0004180686,0.0004180686,0.0004180686
10679292,117,5,0.00036984304,0.00036984304,0.00036984304,0.00036984304,0.00036984304,0.00036984304,0.00036984304,0.00036984304,0.00036984304,0.00036984304,0.00036984304,0.00036984304,0.00036984304,0.00036984304,0.00036984304,0.00036984304,0.00036984304,0.00036984304,0.00036984304,0.00036984304,0.00036984304,0.00036984304,0.00036984304,0.00036984304,0.00036984304,0.00036984304,0.00036984304,0.00036984304,0.00036984304,0.00036984304,0.00036984304,0.00036984304,0.00036984304,0.00036984304,0.00036984304,0.00036984304,0.00036984304,0.00036984304,0.00036984304,0.9811382,0.00036984304,0.00036984304,0.00036984304,0.00036984304,0.00036984304,0.00036984304,0.00036984304,0.00036984304,0.00036984304,0.00036984304,0.00036984304,0.00036984304
10935434,117,5,0.00019826255,0.00019826255,0.00019826255,0.00019826255,0.00019826255,0.00019826255,0.00019826255,0.00019826255,0.00019826255,0.00019826255,0.00019826255,0.00019826255,0.00019826255,0.00019826255,0.00019826255,0.00019826255,0.00019826255,0.00019826255,0.00019826255,0.00019826255,0.00019826255,0.00019826255,0.00019826255,0.00019826255,0.00019826255,0.00019826255,0.00019826255,0.00019826255,0.00019826255,0.00019826255,0.00019826255,0.00019826255,0.00019826255,0.00019826255,0.00019826255,0.00019826255,0.00019826255,0.00019826255,0.00019826255,0.98988825,0.00019826255,0.00019826255,0.00019826255,0.00019826255,0.00019826255,0.00019826255,0.00019826255,0.00019826255,0.00019826255,0.00019826255,0.00019826255,0.00019826255
10936886,117,5,0.0004578989,0.0004578989,0.0004578989,0.0004578989,0.0004578989,0.0004578989,0.0004578989,0.0004578989,0.0004578989,0.0004578989,0.0004578989,0.0004578989,0.0004578989,0.0004578989,0.0004578989,0.0004578989,0.0004578989,0.0004578989,0.0004578989,0.0004578989,0.0004578989,0.0004578989,0.0004578989,0.0004578989,0.0004578989,0.0004578989,0.0004578989,0.0004578989,0.0004578989,0.0004578989,0.0004578989,0.9766476,0.0004578989,0.0004578989,0.0004578989,0.0004578989,0.0004578989,0.0004578989,0.0004578989,0.0004578989,0.0004578989,0.0004578989,0.0004578989,0.0004578989,0.0004578989,0.0004578989,0.0004578989,0.0004578989,0.0004578989,0.0004578989,0.0004578989,0.0004578989
11860878,117,5,0.00021855018,0.00021855018,0.00021855018,0.00021855018,0.00021855018,0.00021855018,0.00021855018,0.00021855018,0.33436078,0.00021855018,0.00021855018,0.00021855018,0.00021855018,0.00021855018,0.15039058,0.00021855018,0.00021855018,0.00021855018,0.00021855018,0.00021855018,0.00021855018,0.00021855018,0.00021855018,0.00021855018,0.00021855018,0.00021855018,0.00021855018,0.00021855018,0.00021855018,0.00021855018,0.00021855018,0.36841154,0.00021855018,0.00021855018,0.00021855018,0.00021855018,0.00021855018,0.00021855018,0.00021855018,0.00021855018,0.00021855018,0.00021855018,0.00021855018,0.00021855018,0.068265766,0.00021855018,0.00021855018,0.00021855018,0.06829911,0.00021855018,0.00021855018,0.00021855018
12419536,117,5,0.00024975959,0.00024975959,0.00024975959,0.00024975959,0.00024975959,0.00024975959,0.00024975959,0.00024975959,0.00024975959,0.00024975959,0.00024975959,0.00024975959,0.00024975959,0.00024975959,0.00024975959,0.00024975959,0.00024975959,0.00024975959,0.00024975959,0.00024975959,0.00024975959,0.00024975959,0.00024975959,0.00024975959,0.00024975959,0.00024975959,0.00024975959,0.00024975959,0.00024975959,0.00024975959,0.00024975959,0.00024975959,0.00024975959,0.00024975959,0.00024975959,0.00024975959,0.00024975959,0.00024975959,0.00024975959,0.98726183,0.00024975959,0.00024975959,0.00024975959,0.00024975959,0.00024975959,0.00024975959,0.00024975959,0.00024975959,0.00024975959,0.00024975959,0.00024975959,0.00024975959
7587891,120,6,0.5695193,0.0002747397,0.0002747397,0.14029878,0.0002747397,0.0002747397,0.0002747397,0.0002747397,0.0002747397,0.0002747397,0.0002747397,0.0002747397,0.0002747397,0.0002747397,0.0002747397,0.0002747397,0.0002747397,0.0002747397,0.0002747397,0.0002747397,0.0002747397,0.0002747397,0.0002747397,0.0002747397,0.0002747397,0.0002747397,0.0002747397,0.0002747397,0.0002747397,0.0002747397,0.0002747397,0.0002747397,0.0002747397,0.0002747397,0.0002747397,0.0002747397,0.0002747397,0.0002747397,0.0002747397,0.0002747397,0.0002747397,0.0002747397,0.0002747397,0.0002747397,0.0002747397,0.0002747397,0.0002747397,0.0002747397,0.0002747397,0.0002747397,0.27672026,0.0002747397
7907945,120,6,0.00016160718,0.00016160718,0.00016160718,0.00016160718,0.00016160718,0.00016160718,0.00016160718,0.00016160718,0.00016160718,0.00016160718,0.00016160718,0.00016160718,0.00016160718,0.00016160718,0.00016160718,0.00016160718,0.00016160718,0.00016160718,0.8309127,0.00016160718,0.00016160718,0.00016160718,0.00016160718,0.00016160718,0.00016160718,0.00016160718,0.00016160718,0.00016160718,0.00016160718,0.00016160718,0.00016160718,0.00016160718,0.00016160718,0.00016160718,0.00016160718,0.00016160718,0.00016160718,0.00016160718,0.00016160718,0.00016160718,0.00016160718,0.00016160718,0.00016160718,0.00016160718,0.00016160718,0.00016160718,0.00016160718,0.00016160718,0.00016160718,0.00016160718,0.16100612,0.00016160718
8058309,120,6,0.0002465533,0.0002465533,0.0002465533,0.0002465533,0.0002465533,0.0002465533,0.0002465533,0.0002465533,0.0002465533,0.0002465533,0.0002465533,0.0002465533,0.0002465533,0.0002465533,0.0002465533,0.0002465533,0.0002465533,0.0002465533,0.0002465533,0.0002465533,0.0002465533,0.0002465533,0.0002465533,0.98742473,0.0002465533,0.0002465533,0.0002465533,0.0002465533,0.0002465533,0.0002465533,0.0002465533,0.0002465533,0.0002465533,0.0002465533,0.0002465533,0.0002465533,0.0002465533,0.0002465533,0.0002465533,0.0002465533,0.0002465533,0.0002465533,0.0002465533,0.0002465533,0.0002465533,0.0002465533,0.0002465533,0.0002465533,0.0002465533,0.0002465533,0.0002465533,0.0002465533
8293386,120,6,0.00029586937,0.00029586937,0.00029586937,0.00029586937,0.00029586937,0.00029586937,0.00029586937,0.00029586937,0.00029586937,0.00029586937,0.00029586937,0.00029586937,0.00029586937,0.00029586937,0.00029586937,0.00029586937,0.00029586937,0.00029586937,0.00029586937,0.00029586937,0.00029586937,0.48853624,0.00029586937,0.00029586937,0.00029586937,0.00029586937,0.00029586937,0.00029586937,0.00029586937,0.00029586937,0.00029586937,0.00029586937,0.00029586937,0.00029586937,0.00029586937,0.00029586937,0.00029586937,0.00029586937,0.00029586937,0.00029586937,0.00029586937,0.00029586937,0.00029586937,0.00029586937,0.00029586937,0.20423059,0.00029586937,0.00029586937,0.00029586937,0.00029586937,0.2927359,0.00029586937
8521452,120,6,0.00026710125,0.00026710125,0.00026710125,0.00026710125,0.00026710125,0.00026710125,0.00026710125,0.00026710125,0.00026710125,0.00026710125,0.00026710125,0.00026710125,0.00026710125,0.00026710125,0.00026710125,0.00026710125,0.00026710125,0.00026710125,0.7493225,0.00026710125,0.00026710125,0.00026710125,0.00026710125,0.00026710125,0.00026710125,0.00026710125,0.00026710125,0.00026710125,0.00026710125,0.00026710125,0.00026710125,0.00026710125,0.00026710125,0.00026710125,0.00026710125,0.00026710125,0.00026710125,0.00026710125,0.00026710125,0.00026710125,0.00026710125,0.00026710125,0.00026710125,0.00026710125,0.00026710125,0.00026710125,0.00026710125,0.00026710125,0.00026710125,0.00026710125,0.23732278,0.00026710125
8569178,120,6,0.00018854118,0.00018854118,0.00018854118,0.00018854118,0.00018854118,0.00018854118,0.00018854118,0.00018854118,0.00018854118,0.00018854118,0.00018854118,0.00018854118,0.00018854118,0.00018854118,0.00018854118,0.00018854118,0.00018854118,0.00018854118,0.00018854118,0.00018854118,0.00018854118,0.00018854118,0.00018854118,0.00018854118,0.00018854118,0.00018854118,0.00018854118,0.00018854118,0.00018854118,0.00018854118,0.00018854118,0.00018854118,0.00018854118,0.00018854118,0.00018854118,0.00018854118,0.990384,0.00018854118,0.00018854118,0.00018854118,0.00018854118,0.00018854118,0.00018854118,0.00018854118,0.00018854118,0.00018854118,0.00018854118,0.00018854118,0.00018854118,0.00018854118,0.00018854118,0.00018854118
8618340,120,6,0.00025305783,0.00025305783,0.00025305783,0.00025305783,0.00025305783,0.00025305783,0.00025305783,0.00025305783,0.00025305783,0.00025305783,0.00025305783,0.13217482,0.00025305783,0.00025305783,0.13633168,0.00025305783,0.00025305783,0.00025305783,0.00025305783,0.00025305783,0.00025305783,0.00025305783,0.00025305783,0.00025305783,0.00025305783,0.00025305783,0.00025305783,0.00025305783,0.00025305783,0.00025305783,0.12049318,0.00025305783,0.00025305783,0.00025305783,0.00025305783,0.45380145,0.00025305783,0.00025305783,0.00025305783,0.00025305783,0.00025305783,0.00025305783,0.00025305783,0.00025305783,0.00025305783,0.00025305783,0.00025305783,0.00025305783,0.00025305783,0.00025305783,0.14530478,0.00025305783
8697991,120,6,0.00027086114,0.00027086114,0.00027086114,0.00027086114,0.00027086114,0.00027086114,0.00027086114,0.00027086114,0.00027086114,0.00027086114,0.00027086114,0.00027086114,0.00027086114,0.00027086114,0.00027086114,0.00027086114,0.00027086114,0.00027086114,0.00027086114,0.00027086114,0.00027086114,0.00027086114,0.00027086114,0.00027086114,0.00027086114,0.00027086114,0.00027086114,0.00027086114,0.00027086114,0.00027086114,0.00027086114,0.00027086114,0.00027086114,0.00027086114,0.00027086114,0.00027086114,0.00027086114,0.00027086114,0.00027086114,0.00027086114,0.00027086114,0.00027086114,0.00027086114,0.00027086114,0.00027086114,0.00027086114,0.00027086114,0.00027086114,0.00027086114,0.00027086114,0.986186,0.00027086114
8924224,120,6,0.00024343045,0.00024343045,0.00024343045,0.00024343045,0.00024343045,0.00024343045,0.00024343045,0.00024343045,0.00024343045,0.00024343045,0.00024343045,0.00024343045,0.00024343045,0.00024343045,0.00024343045,0.00024343045,0.00024343045,0.00024343045,0.00024343045,0.00024343045,0.00024343045,0.00024343045,0.00024343045,0.00024343045,0.00024343045,0.00024343045,0.00024343045,0.00024343045,0.00024343045,0.00024343045,0.00024343045,0.00024343045,0.00024343045,0.00024343045,0.00024343045,0.00024343045,0.00024343045,0.00024343045,0.00024343045,0.00024343045,0.00024343045,0.00024343045,0.00024343045,0.00024343045,0.00024343045,0.00024343045,0.00024343045,0.00024343045,0.00024343045,0.00024343045,0.987585,0.00024343045
9094461,120,6,0.00036285745,0.00036285745,0.00036285745,0.981495,0.00036285745,0.00036285745,0.00036285745,0.00036285745,0.00036285745,0.00036285745,0.00036285745,0.00036285745,0.00036285745,0.00036285745,0.00036285745,0.00036285745,0.00036285745,0.00036285745,0.00036285745,0.00036285745,0.00036285745,0.00036285745,0.00036285745,0.00036285745,0.00036285745,0.00036285745,0.00036285745,0.00036285745,0.00036285745,0.00036285745,0.00036285745,0.00036285745,0.00036285745,0.00036285745,0.00036285745,0.00036285745,0.00036285745,0.00036285745,0.00036285745,0.00036285745,0.00036285745,0.00036285745,0.00036285745,0.00036285745,0.00036285745,0.00036285745,0.00036285745,0.00036285745,0.00036285745,0.00036285745,0.00036285745,0.00036285745
9194030,120,6,0.54248804,0.00018315864,0.00018315864,0.00018315864,0.00018315864,0.00018315864,0.00018315864,0.00018315864,0.00018315864,0.00018315864,0.00018315864,0.00018315864,0.00018315864,0.00018315864,0.00018315864,0.00018315864,0.00018315864,0.00018315864,0.00018315864,0.00018315864,0.00018315864,0.00018315864,0.00018315864,0.00018315864,0.00018315864,0.00018315864,0.00018315864,0.00018315864,0.00018315864,0.00018315864,0.00018315864,0.00018315864,0.00018315864,0.00018315864,0.00018315864,0.00018315864,0.00018315864,0.00018315864,0.00018315864,0.00018315864,0.00018315864,0.00018315864,0.00018315864,0.00018315864,0.00018315864,0.00018315864,0.00018315864,0.00018315864,0.00018315864,0.00018315864,0.44835445,0.00018315864
9291431,120,6,0.00029586972,0.00029586972,0.00029586972,0.00029586972,0.00029586972,0.00029586972,0.00029586972,0.00029586972,0.00029586972,0.00029586972,0.00029586972,0.00029586972,0.00029586972,0.00029586972,0.00029586972,0.00029586972,0.00029586972,0.00029586972,0.00029586972,0.00029586972,0.00029586972,0.00029586972,0.00029586972,0.00029586972,0.00029586972,0.00029586972,0.00029586972,0.00029586972,0.00029586972,0.00029586972,0.00029586972,0.00029586972,0.00029586972,0.00029586972,0.00029586972,0.00029586972,0.00029586972,0.00029586972,0.00029586972,0.00029586972,0.00029586972,0.8882104,0.00029586972,0.00029586972,0.00029586972,0.00029586972,0.00029586972,0.00029586972,0.00029586972,0.00029586972,0.0969961,0.00029586972
9594287,120,6,0.0002913904,0.0002913904,0.0002913904,0.0002913904,0.62028176,0.0002913904,0.0002913904,0.0002913904,0.0002913904,0.0002913904,0.0002913904,0.0002913904,0.0002913904,0.0002913904,0.0002913904,0.0002913904,0.0002913904,0.0002913904,0.0002913904,0.0002913904,0.0002913904,0.0002913904,0.0002913904,0.0002913904,0.0002913904,0.0002913904,0.0002913904,0.0002913904,0.0002913904,0.0002913904,0.22048388,0.0002913904,0.0002913904,0.0002913904,0.0002913904,0.0002913904,0.0002913904,0.0002913904,0.0002913904,0.0002913904,0.0002913904,0.0002913904,0.0002913904,0.0002913904,0.0002913904,0.0002913904,0.0002913904,0.0002913904,0.0002913904,0.0002913904,0.14495671,0.0002913904
9798412,120,6,0.0004472532,0.0004472532,0.0004472532,0.0004472532,0.0004472532,0.0004472532,0.0004472532,0.0004472532,0.0004472532,0.0004472532,0.0004472532,0.738041,0.0004472532,0.0004472532,0.0004472532,0.0004472532,0.0004472532,0.0004472532,0.0004472532,0.0004472532,0.0004472532,0.0004472532,0.0004472532,0.0004472532,0.0004472532,0.0004472532,0.0004472532,0.0004472532,0.0004472532,0.0004472532,0.0004472532,0.0004472532,0.0004472532,0.0004472532,0.0004472532,0.0004472532,0.0004472532,0.0004472532,0.0004472532,0.0004472532,0.0004472532,0.0004472532,0.0004472532,0.0004472532,0.0004472532,0.0004472532,0.0004472532,0.0004472532,0.0004472532,0.0004472532,0.23959716,0.0004472532
9925751,120,6,0.0002185406,0.0002185406,0.0002185406,0.0002185406,0.0002185406,0.0002185406,0.0002185406,0.0002185406,0.0002185406,0.0002185406,0.9888531,0.0002185406,0.0002185406,0.0002185406,0.0002185406,0.0002185406,0.0002185406,0.0002185406,0.0002185406,0.0002185406,0.0002185406,0.0002185406,0.0002185406,0.0002185406,0.0002185406,0.0002185406,0.0002185406,0.0002185406,0.0002185406,0.0002185406,0.0002185406,0.0002185406,0.0002185406,0.0002185406,0.0002185406,0.0002185406,0.0002185406,0.0002185406,0.0002185406,0.0002185406,0.0002185406,0.0002185406,0.0002185406,0.0002185406,0.0002185406,0.0002185406,0.0002185406,0.0002185406,0.0002185406,0.0002185406,0.0002185406,0.0002185406
10036998,120,6,0.00030049443,0.00030049443,0.00030049443,0.00030049443,0.00030049443,0.00030049443,0.00030049443,0.00030049443,0.00030049443,0.00030049443,0.00030049443,0.00030049443,0.00030049443,0.00030049443,0.00030049443,0.00030049443,0.00030049443,0.00030049443,0.00030049443,0.00030049443,0.00030049443,0.00030049443,0.00030049443,0.00030049443,0.00030049443,0.00030049443,0.00030049443,0.00030049443,0.00030049443,0.00030049443,0.7119033,0.00030049443,0.00030049443,0.00030049443,0.00030049443,0.00030049443,0.00030049443,0.00030049443,0.00030049443,0.00030049443,0.00030049443,0.00030049443,0.00030049443,0.00030049443,0.00030049443,0.2730722,0.00030049443,0.00030049443,0.00030049443,0.00030049443,0.00030049443,0.00030049443
10332871,120,6,0.00023453448,0.00023453448,0.00023453448,0.00023453448,0.00023453448,0.00023453448,0.00023453448,0.00023453448,0.00023453448,0.00023453448,0.00023453448,0.00023453448,0.00023453448,0.00023453448,0.00023453448,0.00023453448,0.00023453448,0.00023453448,0.00023453448,0.00023453448,0.00023453448,0.00023453448,0.00023453448,0.00023453448,0.00023453448,0.00023453448,0.00023453448,0.00023453448,0.00023453448,0.00023453448,0.00023453448,0.00023453448,0.00023453448,0.00023453448,0.00023453448,0.9880381,0.00023453448,0.00023453448,0.00023453448,0.00023453448,0.00023453448,0.00023453448,0.00023453448,0.00023453448,0.00023453448,0.00023453448,0.00023453448,0.00023453448,0.00023453448,0.00023453448,0.00023453448,0.00023453448
10403689,120,6,0.00021853762,0.00021853762,0.00021853762,0.00021853762,0.00021853762,0.00021853762,0.00021853762,0.00021853762,0.00021853762,0.00021853762,0.00021853762,0.64352846,0.00021853762,0.00021853762,0.00021853762,0.00021853762,0.00021853762,0.00021853762,0.00021853762,0.00021853762,0.00021853762,0.00021853762,0.00021853762,0.00021853762,0.00021853762,0.00021853762,0.00021853762,0.00021853762,0.00021853762,0.00021853762,0.00021853762,0.00021853762,0.00021853762,0.00021853762,0.00021853762,0.00021853762,0.00021853762,0.00021853762,0.00021853762,0.00021853762,0.00021853762,0.00021853762,0.00021853762,0.00021853762,0.00021853762,0.00021853762,0.00021853762,0.00021853762,0.00021853762,0.00021853762,0.345545,0.00021853762
10631462,120,6,0.00016026151,0.00016026151,0.00016026151,0.00016026151,0.00016026151,0.00016026151,0.00016026151,0.00016026151,0.00016026151,0.00016026151,0.00016026151,0.9918257,0.00016026151,0.00016026151,0.00016026151,0.00016026151,0.00016026151,0.00016026151,0.00016026151,0.00016026151,0.00016026151,0.00016026151,0.00016026151,0.00016026151,0.00016026151,0.00016026151,0.00016026151,0.00016026151,0.00016026151,0.00016026151,0.00016026151,0.00016026151,0.00016026151,0.00016026151,0.00016026151,0.00016026151,0.00016026151,0.00016026151,0.00016026151,0.00016026151,0.00016026151,0.00016026151,0.00016026151,0.00016026151,0.00016026151,0.00016026151,0.00016026151,0.00016026151,0.00016026151,0.00016026151,0.00016026151,0.00016026151
10794547,120,6,0.00017019133,0.00017019133,0.00017019133,0.00017019133,0.00017019133,0.00017019133,0.00017019133,0.00017019133,0.00017019133,0.00017019133,0.00017019133,0.00017019133,0.00017019133,0.00017019133,0.00017019133,0.00017019133,0.00017019133,0.00017019133,0.00017019133,0.00017019133,0.00017019133,0.00017019133,0.00017019133,0.00017019133,0.00017019133,0.00017019133,0.00017019133,0.00017019133,0.00017019133,0.00017019133,0.00017019133,0.00017019133,0.00017019133,0.00017019133,0.00017019133,0.9913198,0.00017019133,0.00017019133,0.00017019133,0.00017019133,0.00017019133,0.00017019133,0.00017019133,0.00017019133,0.00017019133,0.00017019133,0.00017019133,0.00017019133,0.00017019133,0.00017019133,0.00017019133,0.00017019133
10837140,120,6,0.00040066542,0.00040066542,0.00040066542,0.00040066542,0.00040066542,0.00040066542,0.00040066542,0.00040066542,0.00040066542,0.00040066542,0.00040066542,0.77155966,0.00040066542,0.00040066542,0.00040066542,0.00040066542,0.00040066542,0.00040066542,0.00040066542,0.00040066542,0.00040066542,0.00040066542,0.00040066542,0.00040066542,0.00040066542,0.00040066542,0.00040066542,0.00040066542,0.00040066542,0.00040066542,0.00040066542,0.00040066542,0.00040066542,0.20840773,0.00040066542,0.00040066542,0.00040066542,0.00040066542,0.00040066542,0.00040066542,0.00040066542,0.00040066542,0.00040066542,0.00040066542,0.00040066542,0.00040066542,0.00040066542,0.00040066542,0.00040066542,0.00040066542,0.00040066542,0.00040066542
10872665,120,6,0.0001526295,0.0001526295,0.0001526295,0.0001526295,0.0001526295,0.0001526295,0.0001526295,0.0001526295,0.0001526295,0.0001526295,0.0001526295,0.0001526295,0.0001526295,0.0001526295,0.0001526295,0.0001526295,0.0001526295,0.0001526295,0.0001526295,0.0001526295,0.0001526295,0.0001526295,0.0001526295,0.0001526295,0.0001526295,0.0001526295,0.0001526295,0.0001526295,0.0001526295,0.0001526295,0.0001526295,0.0001526295,0.0001526295,0.0001526295,0.9922155,0.0001526295,0.0001526295,0.0001526295,0.0001526295,0.0001526295,0.0001526295,0.0001526295,0.0001526295,0.0001526295,0.0001526295,0.0001526295,0.0001526295,0.0001526295,0.0001526295,0.0001526295,0.0001526295,0.0001526295
10923484,120,6,0.00025304197,0.00025304197,0.00025304197,0.00025304197,0.76431274,0.00025304197,0.00025304197,0.00025304197,0.00025304197,0.00025304197,0.00025304197,0.00025304197,0.00025304197,0.00025304197,0.00025304197,0.00025304197,0.00025304197,0.00025304197,0.00025304197,0.00025304197,0.00025304197,0.00025304197,0.00025304197,0.00025304197,0.00025304197,0.00025304197,0.00025304197,0.00025304197,0.00025304197,0.00025304197,0.00025304197,0.00025304197,0.00025304197,0.00025304197,0.00025304197,0.00025304197,0.00025304197,0.00025304197,0.00025304197,0.00025304197,0.00025304197,0.00025304197,0.00025304197,0.00025304197,0.00025304197,0.00025304197,0.00025304197,0.00025304197,0.00025304197,0.00025304197,0.22303565,0.00025304197
10928103,120,6,0.0003434112,0.0003434112,0.0003434112,0.0003434112,0.0003434112,0.0003434112,0.0003434112,0.0003434112,0.0003434112,0.0003434112,0.0003434112,0.0003434112,0.0003434112,0.0003434112,0.0003434112,0.0003434112,0.0003434112,0.0003434112,0.0003434112,0.0003434112,0.0003434112,0.0003434112,0.0003434112,0.0003434112,0.0003434112,0.0003434112,0.0003434112,0.0003434112,0.0003434112,0.0003434112,0.0003434112,0.0003434112,0.0003434112,0.9824863,0.0003434112,0.0003434112,0.0003434112,0.0003434112,0.0003434112,0.0003434112,0.0003434112,0.0003434112,0.0003434112,0.0003434112,0.0003434112,0.0003434112,0.0003434112,0.0003434112,0.0003434112,0.0003434112,0.0003434112,0.0003434112
8524262,126,7,0.00028282334,0.00028282334,0.00028282334,0.00028282334,0.00028282334,0.00028282334,0.00028282334,0.00028282334,0.00028282334,0.2685354,0.00028282334,0.00028282334,0.00028282334,0.00028282334,0.00028282334,0.00028282334,0.00028282334,0.00028282334,0.00028282334,0.00028282334,0.00028282334,0.00028282334,0.00028282334,0.00028282334,0.00028282334,0.00028282334,0.00028282334,0.1339809,0.00028282334,0.00028282334,0.00028282334,0.00028282334,0.00028282334,0.00028282334,0.00028282334,0.5016482,0.00028282334,0.00028282334,0.00028282334,0.00028282334,0.00028282334,0.00028282334,0.08226002,0.00028282334,0.00028282334,0.00028282334,0.00028282334,0.00028282334,0.00028282334,0.00028282334,0.00028282334,0.00028282334
9190890,126,7,0.0002708635,0.0002708635,0.0002708635,0.0002708635,0.0002708635,0.0002708635,0.0002708635,0.0002708635,0.0002708635,0.9861842,0.0002708635,0.0002708635,0.0002708635,0.0002708635,0.0002708635,0.0002708635,0.0002708635,0.0002708635,0.0002708635,0.0002708635,0.0002708635,0.0002708635,0.0002708635,0.0002708635,0.0002708635,0.0002708635,0.0002708635,0.0002708635,0.0002708635,0.0002708635,0.0002708635,0.0002708635,0.0002708635,0.0002708635,0.0002708635,0.0002708635,0.0002708635,0.0002708635,0.0002708635,0.0002708635,0.0002708635,0.0002708635,0.0002708635,0.0002708635,0.0002708635,0.0002708635,0.0002708635,0.0002708635,0.0002708635,0.0002708635,0.0002708635,0.0002708635
9485488,126,7,0.0006203624,0.0006203624,0.0006203624,0.0006203624,0.0006203624,0.0006203624,0.0006203624,0.0006203624,0.0006203624,0.96836275,0.0006203624,0.0006203624,0.0006203624,0.0006203624,0.0006203624,0.0006203624,0.0006203624,0.0006203624,0.0006203624,0.0006203624,0.0006203624,0.0006203624,0.0006203624,0.0006203624,0.0006203624,0.0006203624,0.0006203624,0.0006203624,0.0006203624,0.0006203624,0.0006203624,0.0006203624,0.0006203624,0.0006203624,0.0006203624,0.0006203624,0.0006203624,0.0006203624,0.0006203624,0.0006203624,0.0006203624,0.0006203624,0.0006203624,0.0006203624,0.0006203624,0.0006203624,0.0006203624,0.0006203624,0.0006203624,0.0006203624,0.0006203624,0.0006203624
9625811,126,7,0.000291384,0.000291384,0.000291384,0.000291384,0.000291384,0.000291384,0.000291384,0.000291384,0.000291384,0.000291384,0.000291384,0.000291384,0.7598124,0.000291384,0.000291384,0.000291384,0.000291384,0.000291384,0.000291384,0.000291384,0.000291384,0.000291384,0.000291384,0.000291384,0.000291384,0.000291384,0.000291384,0.22561753,0.000291384,0.000291384,0.000291384,0.000291384,0.000291384,0.000291384,0.000291384,0.000291384,0.000291384,0.000291384,0.000291384,0.000291384,0.000291384,0.000291384,0.000291384,0.000291384,0.000291384,0.000291384,0.000291384,0.000291384,0.000291384,0.000291384,0.000291384,0.000291384
9679979,126,7,0.0002289429,0.0002289429,0.0002289429,0.0002289429,0.0002289429,0.0002289429,0.0002289429,0.0002289429,0.0002289429,0.9883224,0.0002289429,0.0002289429,0.0002289429,0.0002289429,0.0002289429,0.0002289429,0.0002289429,0.0002289429,0.0002289429,0.0002289429,0.0002289429,0.0002289429,0.0002289429,0.0002289429,0.0002289429,0.0002289429,0.0002289429,0.0002289429,0.0002289429,0.0002289429,0.0002289429,0.0002289429,0.0002289429,0.0002289429,0.0002289429,0.0002289429,0.0002289429,0.0002289429,0.0002289429,0.0002289429,0.0002289429,0.0002289429,0.0002289429,0.0002289429,0.0002289429,0.0002289429,0.0002289429,0.0002289429,0.0002289429,0.0002289429,0.0002289429,0.0002289429
10065149,126,7,0.00036286496,0.00036286496,0.00036286496,0.00036286496,0.00036286496,0.00036286496,0.00036286496,0.3266497,0.00036286496,0.00036286496,0.00036286496,0.00036286496,0.00036286496,0.00036286496,0.00036286496,0.00036286496,0.00036286496,0.00036286496,0.00036286496,0.00036286496,0.00036286496,0.00036286496,0.00036286496,0.00036286496,0.00036286496,0.00036286496,0.00036286496,0.00036286496,0.00036286496,0.00036286496,0.00036286496,0.00036286496,0.00036286496,0.00036286496,0.65520775,0.00036286496,0.00036286496,0.00036286496,0.00036286496,0.00036286496,0.00036286496,0.00036286496,0.00036286496,0.00036286496,0.00036286496,0.00036286496,0.00036286496,0.00036286496,0.00036286496,0.00036286496,0.00036286496,0.00036286496
10200459,126,7,0.00028703688,0.00028703688,0.00028703688,0.00028703688,0.00028703688,0.00028703688,0.00028703688,0.00028703688,0.00028703688,0.00028703688,0.00028703688,0.6489758,0.00028703688,0.00028703688,0.00028703688,0.00028703688,0.00028703688,0.00028703688,0.00028703688,0.00028703688,0.00028703688,0.00028703688,0.00028703688,0.00028703688,0.00028703688,0.00028703688,0.00028703688,0.33667153,0.00028703688,0.00028703688,0.00028703688,0.00028703688,0.00028703688,0.00028703688,0.00028703688,0.00028703688,0.00028703688,0.00028703688,0.00028703688,0.00028703688,0.00028703688,0.00028703688,0.00028703688,0.00028703688,0.00028703688,0.00028703688,0.00028703688,0.00028703688,0.00028703688,0.00028703688,0.00028703688,0.00028703688
10334192,126,7,0.00024975804,0.00024975804,0.00024975804,0.00024975804,0.00024975804,0.9157008,0.00024975804,0.00024975804,0.00024975804,0.00024975804,0.00024975804,0.00024975804,0.00024975804,0.00024975804,0.00024975804,0.00024975804,0.00024975804,0.00024975804,0.00024975804,0.00024975804,0.00024975804,0.00024975804,0.00024975804,0.00024975804,0.00024975804,0.00024975804,0.00024975804,0.071809605,0.00024975804,0.00024975804,0.00024975804,0.00024975804,0.00024975804,0.00024975804,0.00024975804,0.00024975804,0.00024975804,0.00024975804,0.00024975804,0.00024975804,0.00024975804,0.00024975804,0.00024975804,0.00024975804,0.00024975804,0.00024975804,0.00024975804,0.00024975804,0.00024975804,0.00024975804,0.00024975804,0.00024975804
10340750,126,7,0.0001797342,0.0001797342,0.0001797342,0.0001797342,0.0001797342,0.0001797342,0.0001797342,0.0001797342,0.9908324,0.0001797342,0.0001797342,0.0001797342,0.0001797342,0.0001797342,0.0001797342,0.0001797342,0.0001797342,0.0001797342,0.0001797342,0.0001797342,0.0001797342,0.0001797342,0.0001797342,0.0001797342,0.0001797342,0.0001797342,0.0001797342,0.0001797342,0.0001797342,0.0001797342,0.0001797342,0.0001797342,0.0001797342,0.0001797342,0.0001797342,0.0001797342,0.0001797342,0.0001797342,0.0001797342,0.0001797342,0.0001797342,0.0001797342,0.0001797342,0.0001797342,0.0001797342,0.0001797342,0.0001797342,0.0001797342,0.0001797342,0.0001797342,0.0001797342,0.0001797342
10354018,126,7,0.00032595146,0.00032595146,0.00032595146,0.00032595146,0.00032595146,0.00032595146,0.00032595146,0.00032595146,0.00032595146,0.00032595146,0.00032595146,0.00032595146,0.00032595146,0.00032595146,0.00032595146,0.00032595146,0.983377,0.00032595146,0.00032595146,0.00032595146,0.00032595146,0.00032595146,0.00032595146,0.00032595146,0.00032595146,0.00032595146,0.00032595146,0.00032595146,0.00032595146,0.00032595146,0.00032595146,0.00032595146,0.00032595146,0.00032595146,0.00032595146,0.00032595146,0.00032595146,0.00032595146,0.00032595146,0.00032595146,0.00032595146,0.00032595146,0.00032595146,0.00032595146,0.00032595146,0.00032595146,0.00032595146,0.00032595146,0.00032595146,0.00032595146,0.00032595146,0.00032595146
10557106,126,7,0.00032594998,0.00032594998,0.00032594998,0.00032594998,0.00032594998,0.00032594998,0.00032594998,0.00032594998,0.00032594998,0.00032594998,0.00032594998,0.00032594998,0.00032594998,0.00032594998,0.00032594998,0.00032594998,0.00032594998,0.00032594998,0.00032594998,0.00032594998,0.00032594998,0.00032594998,0.00032594998,0.00032594998,0.00032594998,0.00032594998,0.00032594998,0.9833769,0.00032594998,0.00032594998,0.00032594998,0.00032594998,0.00032594998,0.00032594998,0.00032594998,0.00032594998,0.00032594998,0.00032594998,0.00032594998,0.00032594998,0.00032594998,0.00032594998,0.00032594998,0.00032594998,0.00032594998,0.00032594998,0.00032594998,0.00032594998,0.00032594998,0.00032594998,0.00032594998,0.00032594998
10572598,126,7,0.00033157767,0.00033157767,0.00033157767,0.00033157767,0.00033157767,0.00033157767,0.00033157767,0.00033157767,0.00033157767,0.00033157767,0.00033157767,0.00033157767,0.00033157767,0.00033157767,0.00033157767,0.00033157767,0.00033157767,0.00033157767,0.00033157767,0.00033157767,0.00033157767,0.00033157767,0.00033157767,0.00033157767,0.00033157767,0.00033157767,0.00033157767,0.00033157767,0.98308986,0.00033157767,0.00033157767,0.00033157767,0.00033157767,0.00033157767,0.00033157767,0.00033157767,0.00033157767,0.00033157767,0.00033157767,0.00033157767,0.00033157767,0.00033157767,0.00033157767,0.00033157767,0.00033157767,0.00033157767,0.00033157767,0.00033157767,0.00033157767,0.00033157767,0.00033157767,0.00033157767
10632361,126,7,0.0002113363,0.0002113363,0.0002113363,0.0002113363,0.0002113363,0.0002113363,0.0002113363,0.0002113363,0.0002113363,0.0002113363,0.7848727,0.0002113363,0.0002113363,0.0002113363,0.0002113363,0.0002113363,0.0002113363,0.0002113363,0.0002113363,0.0002113363,0.0002113363,0.0002113363,0.0002113363,0.0002113363,0.0002113363,0.0002113363,0.0002113363,0.20455922,0.0002113363,0.0002113363,0.0002113363,0.0002113363,0.0002113363,0.0002113363,0.0002113363,0.0002113363,0.0002113363,0.0002113363,0.0002113363,0.0002113363,0.0002113363,0.0002113363,0.0002113363,0.0002113363,0.0002113363,0.0002113363,0.0002113363,0.0002113363,0.0002113363,0.0002113363,0.0002113363,0.0002113363
10637429,126,7,0.00040918816,0.00040918816,0.00040918816,0.79959345,0.00040918816,0.00040918816,0.00040918816,0.00040918816,0.00040918816,0.00040918816,0.00040918816,0.00040918816,0.00040918816,0.00040918816,0.00040918816,0.00040918816,0.00040918816,0.00040918816,0.00040918816,0.00040918816,0.00040918816,0.00040918816,0.00040918816,0.00040918816,0.00040918816,0.00040918816,0.00040918816,0.17994802,0.00040918816,0.00040918816,0.00040918816,0.00040918816,0.00040918816,0.00040918816,0.00040918816,0.00040918816,0.00040918816,0.00040918816,0.00040918816,0.00040918816,0.00040918816,0.00040918816,0.00040918816,0.00040918816,0.00040918816,0.00040918816,0.00040918816,0.00040918816,0.00040918816,0.00040918816,0.00040918816,0.00040918816
10692252,126,7,0.00022105097,0.00022105097,0.00022105097,0.00022105097,0.00022105097,0.00022105097,0.00022105097,0.00022105097,0.00022105097,0.00022105097,0.00022105097,0.00022105097,0.00022105097,0.00022105097,0.00022105097,0.00022105097,0.00022105097,0.00022105097,0.00022105097,0.00022105097,0.00022105097,0.00022105097,0.00022105097,0.00022105097,0.00022105097,0.00022105097,0.00022105097,0.00022105097,0.00022105097,0.00022105097,0.00022105097,0.00022105097,0.00022105097,0.00022105097,0.00022105097,0.00022105097,0.00022105097,0.00022105097,0.00022105097,0.00022105097,0.00022105097,0.00022105097,0.00022105097,0.00022105097,0.00022105097,0.00022105097,0.00022105097,0.00022105097,0.00022105097,0.00022105097,0.00022105097,0.98872644
10698490,126,7,0.00019231763,0.00019231763,0.00019231763,0.00019231763,0.00019231763,0.00019231763,0.00019231763,0.30297437,0.00019231763,0.00019231763,0.00019231763,0.00019231763,0.00019231763,0.00019231763,0.00019231763,0.00019231763,0.00019231763,0.00019231763,0.00019231763,0.00019231763,0.00019231763,0.00019231763,0.00019231763,0.15085988,0.00019231763,0.00019231763,0.00019231763,0.00019231763,0.00019231763,0.00019231763,0.00019231763,0.00019231763,0.00019231763,0.00019231763,0.00019231763,0.00019231763,0.00019231763,0.00019231763,0.00019231763,0.00019231763,0.00019231763,0.00019231763,0.00019231763,0.5367422,0.00019231763,0.00019231763,0.00019231763,0.00019231763,0.00019231763,0.00019231763,0.00019231763,0.00019231763
10726978,126,7,0.00024655365,0.00024655365,0.00024655365,0.00024655365,0.00024655365,0.00024655365,0.00024655365,0.98742414,0.00024655365,0.00024655365,0.00024655365,0.00024655365,0.00024655365,0.00024655365,0.00024655365,0.00024655365,0.00024655365,0.00024655365,0.00024655365,0.00024655365,0.00024655365,0.00024655365,0.00024655365,0.00024655365,0.00024655365,0.00024655365,0.00024655365,0.00024655365,0.00024655365,0.00024655365,0.00024655365,0.00024655365,0.00024655365,0.00024655365,0.00024655365,0.00024655365,0.00024655365,0.00024655365,0.00024655365,0.00024655365,0.00024655365,0.00024655365,0.00024655365,0.00024655365,0.00024655365,0.00024655365,0.00024655365,0.00024655365,0.00024655365,0.00024655365,0.00024655365,0.00024655365
10741712,126,7,0.00037709036,0.00037709036,0.00037709036,0.00037709036,0.00037709036,0.00037709036,0.00037709036,0.36764973,0.48518035,0.00037709036,0.00037709036,0.00037709036,0.00037709036,0.00037709036,0.00037709036,0.00037709036,0.00037709036,0.00037709036,0.00037709036,0.00037709036,0.00037709036,0.00037709036,0.00037709036,0.00037709036,0.00037709036,0.00037709036,0.00037709036,0.00037709036,0.00037709036,0.00037709036,0.00037709036,0.00037709036,0.00037709036,0.00037709036,0.00037709036,0.00037709036,0.00037709036,0.00037709036,0.00037709036,0.00037709036,0.00037709036,0.00037709036,0.00037709036,0.00037709036,0.00037709036,0.12869321,0.00037709036,0.00037709036,0.00037709036,0.00037709036,0.00037709036,0.00037709036
10828889,126,7,0.00029138982,0.00029138982,0.00029138982,0.00029138982,0.00029138982,0.00029138982,0.00029138982,0.00029138982,0.00029138982,0.00029138982,0.00029138982,0.00029138982,0.00029138982,0.00029138982,0.00029138982,0.00029138982,0.00029138982,0.00029138982,0.00029138982,0.00029138982,0.00029138982,0.00029138982,0.00029138982,0.00029138982,0.00029138982,0.00029138982,0.00029138982,0.16990706,0.00029138982,0.00029138982,0.00029138982,0.00029138982,0.00029138982,0.00029138982,0.00029138982,0.00029138982,0.00029138982,0.00029138982,0.00029138982,0.00029138982,0.00029138982,0.00029138982,0.00029138982,0.8155231,0.00029138982,0.00029138982,0.00029138982,0.00029138982,0.00029138982,0.00029138982,0.00029138982,0.00029138982
10933063,126,7,0.00028281254,0.00028281254,0.00028281254,0.00028281254,0.00028281254,0.00028281254,0.00028281254,0.00028281254,0.00028281254,0.00028281254,0.00028281254,0.00028281254,0.00028281254,0.00028281254,0.00028281254,0.00028281254,0.00028281254,0.00028281254,0.00028281254,0.00028281254,0.00028281254,0.00028281254,0.00028281254,0.00028281254,0.00028281254,0.00028281254,0.00028281254,0.00028281254,0.9855756,0.00028281254,0.00028281254,0.00028281254,0.00028281254,0.00028281254,0.00028281254,0.00028281254,0.00028281254,0.00028281254,0.00028281254,0.00028281254,0.00028281254,0.00028281254,0.00028281254,0.00028281254,0.00028281254,0.00028281254,0.00028281254,0.00028281254,0.00028281254,0.00028281254,0.00028281254,0.00028281254
10935482,126,7,0.00033159033,0.00033159033,0.6599562,0.00033159033,0.00033159033,0.00033159033,0.00033159033,0.32346502,0.00033159033,0.00033159033,0.00033159033,0.00033159033,0.00033159033,0.00033159033,0.00033159033,0.00033159033,0.00033159033,0.00033159033,0.00033159033,0.00033159033,0.00033159033,0.00033159033,0.00033159033,0.00033159033,0.00033159033,0.00033159033,0.00033159033,0.00033159033,0.00033159033,0.00033159033,0.00033159033,0.00033159033,0.00033159033,0.00033159033,0.00033159033,0.00033159033,0.00033159033,0.00033159033,0.00033159033,0.00033159033,0.00033159033,0.00033159033,0.00033159033,0.00033159033,0.00033159033,0.00033159033,0.00033159033,0.00033159033,0.00033159033,0.00033159033,0.00033159033,0.00033159033
10953306,126,7,0.0004931107,0.0004931107,0.0004931107,0.0004931107,0.0004931107,0.0004931107,0.0004931107,0.0004931107,0.0004931107,0.0004931107,0.0004931107,0.0004931107,0.0004931107,0.7427055,0.0004931107,0.0004931107,0.0004931107,0.0004931107,0.0004931107,0.0004931107,0.0004931107,0.0004931107,0.0004931107,0.0004931107,0.0004931107,0.0004931107,0.0004931107,0.2326398,0.0004931107,0.0004931107,0.0004931107,0.0004931107,0.0004931107,0.0004931107,0.0004931107,0.0004931107,0.0004931107,0.0004931107,0.0004931107,0.0004931107,0.0004931107,0.0004931107,0.0004931107,0.0004931107,0.0004931107,0.0004931107,0.0004931107,0.0004931107,0.0004931107,0.0004931107,0.0004931107,0.0004931107
11020858,126,7,0.8002126,0.0002136842,0.0002136842,0.0002136842,0.0002136842,0.0002136842,0.0002136842,0.18910155,0.0002136842,0.0002136842,0.0002136842,0.0002136842,0.0002136842,0.0002136842,0.0002136842,0.0002136842,0.0002136842,0.0002136842,0.0002136842,0.0002136842,0.0002136842,0.0002136842,0.0002136842,0.0002136842,0.0002136842,0.0002136842,0.0002136842,0.0002136842,0.0002136842,0.0002136842,0.0002136842,0.0002136842,0.0002136842,0.0002136842,0.0002136842,0.0002136842,0.0002136842,0.0002136842,0.0002136842,0.0002136842,0.0002136842,0.0002136842,0.0002136842,0.0002136842,0.0002136842,0.0002136842,0.0002136842,0.0002136842,0.0002136842,0.0002136842,0.0002136842,0.0002136842
11044365,126,7,0.00020032442,0.00020032442,0.00020032442,0.00020032442,0.00020032442,0.00020032442,0.00020032442,0.00020032442,0.00020032442,0.00020032442,0.00020032442,0.00020032442,0.00020032442,0.00020032442,0.00020032442,0.00020032442,0.00020032442,0.00020032442,0.00020032442,0.00020032442,0.00020032442,0.00020032442,0.00020032442,0.00020032442,0.00020032442,0.00020032442,0.00020032442,0.00020032442,0.00020032442,0.00020032442,0.00020032442,0.00020032442,0.98978287,0.00020032442,0.00020032442,0.00020032442,0.00020032442,0.00020032442,0.00020032442,0.00020032442,0.00020032442,0.00020032442,0.00020032442,0.00020032442,0.00020032442,0.00020032442,0.00020032442,0.00020032442,0.00020032442,0.00020032442,0.00020032442,0.00020032442
8790332,142,8,0.00018316398,0.00018316398,0.00018316398,0.00018316398,0.00018316398,0.00018316398,0.00018316398,0.00018316398,0.00018316398,0.00018316398,0.00018316398,0.17645645,0.00018316398,0.00018316398,0.00018316398,0.00018316398,0.00018316398,0.00018316398,0.00018316398,0.00018316398,0.00018316398,0.00018316398,0.00018316398,0.00018316398,0.00018316398,0.49384886,0.00018316398,0.00018316398,0.00018316398,0.00018316398,0.00018316398,0.00018316398,0.00018316398,0.00018316398,0.00018316398,0.00018316398,0.00018316398,0.00018316398,0.00018316398,0.00018316398,0.00018316398,0.00018316398,0.02946455,0.00018316398,0.00018316398,0.00018316398,0.00018316398,0.29143772,0.00018316398,0.00018316398,0.00018316398,0.00018316398
8875075,142,8,0.00017170903,0.00017170903,0.00017170903,0.00017170903,0.00017170903,0.00017170903,0.00017170903,0.00017170903,0.00017170903,0.00017170903,0.00017170903,0.00017170903,0.00017170903,0.00017170903,0.00017170903,0.00017170903,0.00017170903,0.00017170903,0.00017170903,0.00017170903,0.00017170903,0.00017170903,0.00017170903,0.00017170903,0.00017170903,0.9912422,0.00017170903,0.00017170903,0.00017170903,0.00017170903,0.00017170903,0.00017170903,0.00017170903,0.00017170903,0.00017170903,0.00017170903,0.00017170903,0.00017170903,0.00017170903,0.00017170903,0.00017170903,0.00017170903,0.00017170903,0.00017170903,0.00017170903,0.00017170903,0.00017170903,0.00017170903,0.00017170903,0.00017170903,0.00017170903,0.00017170903
8903350,142,8,0.00027871257,0.00027871257,0.00027871257,0.00027871257,0.00027871257,0.00027871257,0.00027871257,0.00027871257,0.00027871257,0.00027871257,0.00027871257,0.00027871257,0.00027871257,0.00027871257,0.00027871257,0.00027871257,0.00027871257,0.00027871257,0.00027871257,0.00027871257,0.00027871257,0.00027871257,0.00027871257,0.00027871257,0.00027871257,0.00027871257,0.00027871257,0.00027871257,0.00027871257,0.00027871257,0.00027871257,0.00027871257,0.00027871257,0.00027871257,0.00027871257,0.00027871257,0.00027871257,0.00027871257,0.00027871257,0.00027871257,0.00027871257,0.00027871257,0.00027871257,0.00027871257,0.00027871257,0.00027871257,0.00027871257,0.9857855,0.00027871257,0.00027871257,0.00027871257,0.00027871257
8906419,142,8,0.00027086184,0.00027086184,0.00027086184,0.00027086184,0.00027086184,0.00027086184,0.00027086184,0.00027086184,0.00027086184,0.00027086184,0.00027086184,0.00027086184,0.00027086184,0.00027086184,0.00027086184,0.00027086184,0.9861846,0.00027086184,0.00027086184,0.00027086184,0.00027086184,0.00027086184,0.00027086184,0.00027086184,0.00027086184,0.00027086184,0.00027086184,0.00027086184,0.00027086184,0.00027086184,0.00027086184,0.00027086184,0.00027086184,0.00027086184,0.00027086184,0.00027086184,0.00027086184,0.00027086184,0.00027086184,0.00027086184,0.00027086184,0.00027086184,0.00027086184,0.00027086184,0.00027086184,0.00027086184,0.00027086184,0.00027086184,0.00027086184,0.00027086184,0.00027086184,0.00027086184
8946241,142,8,0.0002708659,0.0002708659,0.0002708659,0.0002708659,0.0002708659,0.0002708659,0.0002708659,0.0002708659,0.0002708659,0.0002708659,0.0002708659,0.0002708659,0.0002708659,0.0002708659,0.0002708659,0.0002708659,0.0002708659,0.0002708659,0.0002708659,0.0002708659,0.0002708659,0.0002708659,0.0002708659,0.0002708659,0.0002708659,0.0002708659,0.0002708659,0.0002708659,0.0002708659,0.0002708659,0.986185,0.0002708659,0.0002708659,0.0002708659,0.0002708659,0.0002708659,0.0002708659,0.0002708659,0.0002708659,0.0002708659,0.0002708659,0.0002708659,0.0002708659,0.0002708659,0.0002708659,0.0002708659,0.0002708659,0.0002708659,0.0002708659,0.0002708659,0.0002708659,0.0002708659
9119087,142,8,0.00044724823,0.0975314,0.00044724823,0.00044724823,0.00044724823,0.00044724823,0.00044724823,0.00044724823,0.00044724823,0.00044724823,0.00044724823,0.00044724823,0.00044724823,0.00044724823,0.00044724823,0.00044724823,0.00044724823,0.00044724823,0.00044724823,0.00044724823,0.00044724823,0.00044724823,0.00044724823,0.17089848,0.00044724823,0.00044724823,0.00044724823,0.00044724823,0.00044724823,0.00044724823,0.51581746,0.00044724823,0.00044724823,0.00044724823,0.00044724823,0.1942851,0.00044724823,0.00044724823,0.00044724823,0.00044724823,0.00044724823,0.00044724823,0.00044724823,0.00044724823,0.00044724823,0.00044724823,0.00044724823,0.00044724823,0.00044724823,0.00044724823,0.00044724823,0.00044724823
9205942,142,8,0.00024038942,0.00024038942,0.00024038942,0.00024038942,0.00024038942,0.00024038942,0.00024038942,0.00024038942,0.00024038942,0.00024038942,0.00024038942,0.00024038942,0.00024038942,0.00024038942,0.00024038942,0.00024038942,0.00024038942,0.00024038942,0.00024038942,0.00024038942,0.00024038942,0.00024038942,0.00024038942,0.00024038942,0.98773915,0.00024038942,0.00024038942,0.00024038942,0.00024038942,0.00024038942,0.00024038942,0.00024038942,0.00024038942,0.00024038942,0.00024038942,0.00024038942,0.00024038942,0.00024038942,0.00024038942,0.00024038942,0.00024038942,0.00024038942,0.00024038942,0.00024038942,0.00024038942,0.00024038942,0.00024038942,0.00024038942,0.00024038942,0.00024038942,0.00024038942,0.00024038942
9302262,142,8,0.00041809274,0.00041809274,0.00041809274,0.00041809274,0.00041809274,0.00041809274,0.00041809274,0.00041809274,0.00041809274,0.00041809274,0.00041809274,0.00041809274,0.00041809274,0.00041809274,0.00041809274,0.00041809274,0.00041809274,0.00041809274,0.00041809274,0.00041809274,0.00041809274,0.24351515,0.00041809274,0.00041809274,0.20297761,0.00041809274,0.00041809274,0.00041809274,0.00041809274,0.00041809274,0.30815408,0.00041809274,0.00041809274,0.00041809274,0.00041809274,0.00041809274,0.00041809274,0.00041809274,0.00041809274,0.00041809274,0.13815461,0.00041809274,0.00041809274,0.00041809274,0.04511981,0.00041809274,0.00041809274,0.00041809274,0.042846866,0.00041809274,0.00041809274,0.00041809274
9334287,142,8,0.00012821301,0.00012821301,0.6740311,0.00012821301,0.00012821301,0.00012821301,0.00012821301,0.00012821301,0.00012821301,0.00012821301,0.00012821301,0.00012821301,0.00012821301,0.00012821301,0.00012821301,0.00012821301,0.00012821301,0.00012821301,0.00012821301,0.00012821301,0.00012821301,0.00012821301,0.00012821301,0.00012821301,0.00012821301,0.00012821301,0.00012821301,0.00012821301,0.00012821301,0.00012821301,0.00012821301,0.00012821301,0.00012821301,0.00012821301,0.00012821301,0.00012821301,0.00012821301,0.00012821301,0.00012821301,0.00012821301,0.00012821301,0.00012821301,0.00012821301,0.00012821301,0.00012821301,0.00012821301,0.00012821301,0.31955755,0.00012821301,0.00012821301,0.00012821301,0.00012821301
9508065,142,8,0.00037709286,0.00037709286,0.00037709286,0.00037709286,0.00037709286,0.00037709286,0.00037709286,0.00037709286,0.00037709286,0.00037709286,0.00037709286,0.00037709286,0.00037709286,0.00037709286,0.73431534,0.00037709286,0.00037709286,0.00037709286,0.00037709286,0.00037709286,0.00037709286,0.00037709286,0.00037709286,0.00037709286,0.00037709286,0.24683061,0.00037709286,0.00037709286,0.00037709286,0.00037709286,0.00037709286,0.00037709286,0.00037709286,0.00037709286,0.00037709286,0.00037709286,0.00037709286,0.00037709286,0.00037709286,0.00037709286,0.00037709286,0.00037709286,0.00037709286,0.00037709286,0.00037709286,0.00037709286,0.00037709286,0.00037709286,0.00037709286,0.00037709286,0.00037709286,0.00037709286
9733569,142,8,0.00035613528,0.00035613528,0.00035613528,0.00035613528,0.00035613528,0.00035613528,0.00035613528,0.00035613528,0.00035613528,0.00035613528,0.00035613528,0.00035613528,0.00035613528,0.00035613528,0.00035613528,0.00035613528,0.00035613528,0.00035613528,0.00035613528,0.00035613528,0.00035613528,0.00035613528,0.00035613528,0.00035613528,0.00035613528,0.00035613528,0.00035613528,0.00035613528,0.00035613528,0.00035613528,0.98183745,0.00035613528,0.00035613528,0.00035613528,0.00035613528,0.00035613528,0.00035613528,0.00035613528,0.00035613528,0.00035613528,0.00035613528,0.00035613528,0.00035613528,0.00035613528,0.00035613528,0.00035613528,0.00035613528,0.00035613528,0.00035613528,0.00035613528,0.00035613528,0.00035613528
9767138,142,8,0.0002913804,0.0002913804,0.0002913804,0.0002913804,0.0002913804,0.0002913804,0.0002913804,0.0002913804,0.0002913804,0.0002913804,0.0002913804,0.0002913804,0.0002913804,0.0002913804,0.0002913804,0.0002913804,0.0002913804,0.0002913804,0.0002913804,0.0002913804,0.0002913804,0.0002913804,0.0002913804,0.0002913804,0.0002913804,0.0002913804,0.0002913804,0.0002913804,0.0002913804,0.0002913804,0.0002913804,0.0002913804,0.0002913804,0.0002913804,0.0002913804,0.0002913804,0.0002913804,0.0002913804,0.0002913804,0.0002913804,0.0002913804,0.0002913804,0.0002913804,0.0002913804,0.0002913804,0.0002913804,0.0002913804,0.9851394,0.0002913804,0.0002913804,0.0002913804,0.0002913804
9847242,142,8,0.00017171046,0.00017171046,0.00017171046,0.00017171046,0.00017171046,0.00017171046,0.00017171046,0.00017171046,0.00017171046,0.00017171046,0.00017171046,0.00017171046,0.00017171046,0.00017171046,0.00017171046,0.00017171046,0.00017171046,0.00017171046,0.00017171046,0.00017171046,0.00017171046,0.00017171046,0.00017171046,0.00017171046,0.00017171046,0.9912421,0.00017171046,0.00017171046,0.00017171046,0.00017171046,0.00017171046,0.00017171046,0.00017171046,0.00017171046,0.00017171046,0.00017171046,0.00017171046,0.00017171046,0.00017171046,0.00017171046,0.00017171046,0.00017171046,0.00017171046,0.00017171046,0.00017171046,0.00017171046,0.00017171046,0.00017171046,0.00017171046,0.00017171046,0.00017171046,0.00017171046
10349094,142,8,0.00015893798,0.00015893798,0.00015893798,0.00015893798,0.00015893798,0.00015893798,0.00015893798,0.00015893798,0.00015893798,0.00015893798,0.9918932,0.00015893798,0.00015893798,0.00015893798,0.00015893798,0.00015893798,0.00015893798,0.00015893798,0.00015893798,0.00015893798,0.00015893798,0.00015893798,0.00015893798,0.00015893798,0.00015893798,0.00015893798,0.00015893798,0.00015893798,0.00015893798,0.00015893798,0.00015893798,0.00015893798,0.00015893798,0.00015893798,0.00015893798,0.00015893798,0.00015893798,0.00015893798,0.00015893798,0.00015893798,0.00015893798,0.00015893798,0.00015893798,0.00015893798,0.00015893798,0.00015893798,0.00015893798,0.00015893798,0.00015893798,0.00015893798,0.00015893798,0.00015893798
10354479,142,8,0.00022894329,0.00022894329,0.00022894329,0.00022894329,0.00022894329,0.00022894329,0.00022894329,0.00022894329,0.00022894329,0.00022894329,0.00022894329,0.00022894329,0.98832256,0.00022894329,0.00022894329,0.00022894329,0.00022894329,0.00022894329,0.00022894329,0.00022894329,0.00022894329,0.00022894329,0.00022894329,0.00022894329,0.00022894329,0.00022894329,0.00022894329,0.00022894329,0.00022894329,0.00022894329,0.00022894329,0.00022894329,0.00022894329,0.00022894329,0.00022894329,0.00022894329,0.00022894329,0.00022894329,0.00022894329,0.00022894329,0.00022894329,0.00022894329,0.00022894329,0.00022894329,0.00022894329,0.00022894329,0.00022894329,0.00022894329,0.00022894329,0.00022894329,0.00022894329,0.00022894329
10395791,142,8,0.00036985055,0.00036985055,0.00036985055,0.00036985055,0.00036985055,0.00036985055,0.00036985055,0.00036985055,0.00036985055,0.00036985055,0.00036985055,0.00036985055,0.00036985055,0.00036985055,0.00036985055,0.00036985055,0.00036985055,0.00036985055,0.00036985055,0.00036985055,0.00036985055,0.00036985055,0.00036985055,0.00036985055,0.00036985055,0.40992,0.00036985055,0.00036985055,0.00036985055,0.00036985055,0.00036985055,0.00036985055,0.00036985055,0.00036985055,0.34176475,0.00036985055,0.00036985055,0.00036985055,0.00036985055,0.00036985055,0.00036985055,0.00036985055,0.00036985055,0.00036985055,0.00036985055,0.00036985055,0.00036985055,0.23019288,0.00036985055,0.00036985055,0.00036985055,0.00036985055
10475061,142,8,0.00016869999,0.00016869999,0.99139506,0.00016869999,0.00016869999,0.00016869999,0.00016869999,0.00016869999,0.00016869999,0.00016869999,0.00016869999,0.00016869999,0.00016869999,0.00016869999,0.00016869999,0.00016869999,0.00016869999,0.00016869999,0.00016869999,0.00016869999,0.00016869999,0.00016869999,0.00016869999,0.00016869999,0.00016869999,0.00016869999,0.00016869999,0.00016869999,0.00016869999,0.00016869999,0.00016869999,0.00016869999,0.00016869999,0.00016869999,0.00016869999,0.00016869999,0.00016869999,0.00016869999,0.00016869999,0.00016869999,0.00016869999,0.00016869999,0.00016869999,0.00016869999,0.00016869999,0.00016869999,0.00016869999,0.00016869999,0.00016869999,0.00016869999,0.00016869999,0.00016869999
10518503,142,8,0.00020032874,0.00020032874,0.00020032874,0.00020032874,0.00020032874,0.00020032874,0.00020032874,0.00020032874,0.00020032874,0.00020032874,0.00020032874,0.00020032874,0.00020032874,0.00020032874,0.00020032874,0.00020032874,0.00020032874,0.00020032874,0.9897822,0.00020032874,0.00020032874,0.00020032874,0.00020032874,0.00020032874,0.00020032874,0.00020032874,0.00020032874,0.00020032874,0.00020032874,0.00020032874,0.00020032874,0.00020032874,0.00020032874,0.00020032874,0.00020032874,0.00020032874,0.00020032874,0.00020032874,0.00020032874,0.00020032874,0.00020032874,0.00020032874,0.00020032874,0.00020032874,0.00020032874,0.00020032874,0.00020032874,0.00020032874,0.00020032874,0.00020032874,0.00020032874,0.00020032874
10564872,142,8,0.00022625075,0.00022625075,0.00022625075,0.00022625075,0.00022625075,0.00022625075,0.00022625075,0.00022625075,0.00022625075,0.00022625075,0.00022625075,0.00022625075,0.00022625075,0.00022625075,0.00022625075,0.00022625075,0.00022625075,0.00022625075,0.00022625075,0.00022625075,0.00022625075,0.9884602,0.00022625075,0.00022625075,0.00022625075,0.00022625075,0.00022625075,0.00022625075,0.00022625075,0.00022625075,0.00022625075,0.00022625075,0.00022625075,0.00022625075,0.00022625075,0.00022625075,0.00022625075,0.00022625075,0.00022625075,0.00022625075,0.00022625075,0.00022625075,0.00022625075,0.00022625075,0.00022625075,0.00022625075,0.00022625075,0.00022625075,0.00022625075,0.00022625075,0.00022625075,0.00022625075
10753513,142,8,0.0003496638,0.0003496638,0.0003496638,0.0003496638,0.0003496638,0.0003496638,0.0003496638,0.0003496638,0.0003496638,0.0003496638,0.0003496638,0.0003496638,0.0003496638,0.0003496638,0.0003496638,0.0003496638,0.0003496638,0.0003496638,0.0003496638,0.0003496638,0.0003496638,0.0003496638,0.666678,0.0003496638,0.0003496638,0.0003496638,0.0003496638,0.0003496638,0.0003496638,0.0003496638,0.0003496638,0.0003496638,0.0003496638,0.0003496638,0.0003496638,0.0003496638,0.0003496638,0.0003496638,0.0003496638,0.0003496638,0.0003496638,0.0003496638,0.0003496638,0.0003496638,0.0003496638,0.0003496638,0.0003496638,0.31583926,0.0003496638,0.0003496638,0.0003496638,0.0003496638
10804186,142,8,0.00020032695,0.00020032695,0.00020032695,0.00020032695,0.00020032695,0.00020032695,0.00020032695,0.00020032695,0.00020032695,0.00020032695,0.00020032695,0.00020032695,0.00020032695,0.00020032695,0.00020032695,0.00020032695,0.00020032695,0.00020032695,0.00020032695,0.00020032695,0.00020032695,0.00020032695,0.00020032695,0.00020032695,0.00020032695,0.00020032695,0.00020032695,0.00020032695,0.00020032695,0.00020032695,0.9897827,0.00020032695,0.00020032695,0.00020032695,0.00020032695,0.00020032695,0.00020032695,0.00020032695,0.00020032695,0.00020032695,0.00020032695,0.00020032695,0.00020032695,0.00020032695,0.00020032695,0.00020032695,0.00020032695,0.00020032695,0.00020032695,0.00020032695,0.00020032695,0.00020032695
10842302,142,8,0.00038462973,0.00038462973,0.00038462973,0.00038462973,0.00038462973,0.00038462973,0.00038462973,0.00038462973,0.00038462973,0.00038462973,0.00038462973,0.00038462973,0.00038462973,0.00038462973,0.00038462973,0.00038462973,0.00038462973,0.00038462973,0.00038462973,0.00038462973,0.00038462973,0.00038462973,0.00038462973,0.00038462973,0.00038462973,0.98038435,0.00038462973,0.00038462973,0.00038462973,0.00038462973,0.00038462973,0.00038462973,0.00038462973,0.00038462973,0.00038462973,0.00038462973,0.00038462973,0.00038462973,0.00038462973,0.00038462973,0.00038462973,0.00038462973,0.00038462973,0.00038462973,0.00038462973,0.00038462973,0.00038462973,0.00038462973,0.00038462973,0.00038462973,0.00038462973,0.00038462973
10906459,142,8,0.00023170385,0.00023170385,0.00023170385,0.00023170385,0.00023170385,0.00023170385,0.70904934,0.00023170385,0.00023170385,0.00023170385,0.00023170385,0.00023170385,0.00023170385,0.00023170385,0.00023170385,0.00023170385,0.00023170385,0.00023170385,0.00023170385,0.00023170385,0.00023170385,0.00023170385,0.00023170385,0.00023170385,0.00023170385,0.00023170385,0.00023170385,0.00023170385,0.00023170385,0.00023170385,0.00023170385,0.00023170385,0.00023170385,0.00023170385,0.00023170385,0.00023170385,0.00023170385,0.00023170385,0.00023170385,0.00023170385,0.00023170385,0.00023170385,0.00023170385,0.00023170385,0.00023170385,0.00023170385,0.00023170385,0.27936578,0.00023170385,0.00023170385,0.00023170385,0.00023170385
12455636,142,8,0.00029138537,0.00029138537,0.00029138537,0.00029138537,0.00029138537,0.00029138537,0.00029138537,0.00029138537,0.00029138537,0.00029138537,0.00029138537,0.00029138537,0.00029138537,0.00029138537,0.00029138537,0.00029138537,0.00029138537,0.65275127,0.00029138537,0.00029138537,0.00029138537,0.00029138537,0.00029138537,0.00029138537,0.00029138537,0.00029138537,0.00029138537,0.00029138537,0.00029138537,0.00029138537,0.00029138537,0.00029138537,0.00029138537,0.00029138537,0.00029138537,0.00029138537,0.00029138537,0.00029138537,0.00029138537,0.00029138537,0.00029138537,0.00029138537,0.00029138537,0.00029138537,0.00029138537,0.00029138537,0.00029138537,0.33267966,0.00029138537,0.00029138537,0.00029138537,0.00029138537
8733303,146,9,0.0005494768,0.0005494768,0.0005494768,0.0005494768,0.0005494768,0.0005494768,0.0005494768,0.0005494768,0.0005494768,0.0005494768,0.0005494768,0.0005494768,0.0005494768,0.0005494768,0.0005494768,0.0005494768,0.0005494768,0.0005494768,0.0005494768,0.0005494768,0.0005494768,0.0005494768,0.0005494768,0.0005494768,0.0005494768,0.0005494768,0.0005494768,0.0005494768,0.0005494768,0.0005494768,0.0005494768,0.0005494768,0.0005494768,0.0005494768,0.0005494768,0.0005494768,0.0005494768,0.0005494768,0.0005494768,0.0005494768,0.33602563,0.6365008,0.0005494768,0.0005494768,0.0005494768,0.0005494768,0.0005494768,0.0005494768,0.0005494768,0.0005494768,0.0005494768,0.0005494768
8766720,146,9,0.00030525928,0.00030525928,0.00030525928,0.00030525928,0.00030525928,0.00030525928,0.00030525928,0.00030525928,0.00030525928,0.00030525928,0.00030525928,0.00030525928,0.00030525928,0.00030525928,0.00030525928,0.00030525928,0.00030525928,0.00030525928,0.00030525928,0.00030525928,0.00030525928,0.00030525928,0.00030525928,0.00030525928,0.00030525928,0.00030525928,0.00030525928,0.00030525928,0.00030525928,0.00030525928,0.00030525928,0.00030525928,0.00030525928,0.00030525928,0.00030525928,0.00030525928,0.00030525928,0.00030525928,0.00030525928,0.00030525928,0.00030525928,0.90567833,0.00030525928,0.00030525928,0.00030525928,0.00030525928,0.00030525928,0.00030525928,0.07905875,0.00030525928,0.00030525928,0.00030525928
9172170,146,9,0.07648717,0.00016723969,0.00016723969,0.049187392,0.00016723969,0.13803908,0.00016723969,0.00016723969,0.00016723969,0.00016723969,0.00016723969,0.00016723969,0.00016723969,0.00016723969,0.009103459,0.00016723969,0.00016723969,0.03937992,0.00016723969,0.00016723969,0.00016723969,0.00016723969,0.00016723969,0.00016723969,0.00016723969,0.00016723969,0.00016723969,0.00016723969,0.00016723969,0.00016723969,0.00016723969,0.00016723969,0.00016723969,0.00016723969,0.056231536,0.00016723969,0.00016723969,0.00016723969,0.00016723969,0.00016723969,0.31695518,0.00016723969,0.00016723969,0.00016723969,0.00016723969,0.00016723969,0.00016723969,0.00016723969,0.3072577,0.00016723969,0.00016723969,0.00016723969
9189043,146,9,0.00022105454,0.00022105454,0.00022105454,0.00022105454,0.00022105454,0.00022105454,0.00022105454,0.00022105454,0.00022105454,0.00022105454,0.00022105454,0.00022105454,0.00022105454,0.00022105454,0.00022105454,0.00022105454,0.00022105454,0.00022105454,0.00022105454,0.00022105454,0.00022105454,0.00022105454,0.00022105454,0.00022105454,0.00022105454,0.00022105454,0.00022105454,0.00022105454,0.00022105454,0.00022105454,0.00022105454,0.00022105454,0.00022105454,0.00022105454,0.00022105454,0.00022105454,0.00022105454,0.00022105454,0.00022105454,0.00022105454,0.15302016,0.00022105454,0.00022105454,0.00022105454,0.00022105454,0.00022105454,0.00022105454,0.00022105454,0.835927,0.00022105454,0.00022105454,0.00022105454
9224802,146,9,0.00040065104,0.00040065104,0.00040065104,0.00040065104,0.00040065104,0.00040065104,0.00040065104,0.00040065104,0.00040065104,0.00040065104,0.00040065104,0.00040065104,0.00040065104,0.00040065104,0.00040065104,0.00040065104,0.00040065104,0.00040065104,0.00040065104,0.00040065104,0.00040065104,0.00040065104,0.00040065104,0.00040065104,0.00040065104,0.00040065104,0.00040065104,0.00040065104,0.00040065104,0.00040065104,0.00040065104,0.00040065104,0.00040065104,0.00040065104,0.00040065104,0.00040065104,0.00040065104,0.00040065104,0.00040065104,0.00040065104,0.00040065104,0.97956693,0.00040065104,0.00040065104,0.00040065104,0.00040065104,0.00040065104,0.00040065104,0.00040065104,0.00040065104,0.00040065104,0.00040065104
9368568,146,9,0.00045790363,0.00045790363,0.00045790363,0.00045790363,0.00045790363,0.00045790363,0.00045790363,0.00045790363,0.00045790363,0.00045790363,0.00045790363,0.00045790363,0.00045790363,0.00045790363,0.00045790363,0.00045790363,0.00045790363,0.00045790363,0.00045790363,0.00045790363,0.00045790363,0.00045790363,0.00045790363,0.00045790363,0.00045790363,0.00045790363,0.00045790363,0.00045790363,0.00045790363,0.00045790363,0.00045790363,0.00045790363,0.00045790363,0.00045790363,0.00045790363,0.00045790363,0.00045790363,0.00045790363,0.00045790363,0.00045790363,0.00045790363,0.00045790363,0.00045790363,0.00045790363,0.48281828,0.00045790363,0.00045790363,0.00045790363,0.4942867,0.00045790363,0.00045790363,0.00045790363
9384602,146,9,0.00016869315,0.00016869315,0.00016869315,0.00016869315,0.00016869315,0.00016869315,0.00016869315,0.00016869315,0.00016869315,0.00016869315,0.00016869315,0.00016869315,0.00016869315,0.00016869315,0.00016869315,0.00016869315,0.00016869315,0.00016869315,0.00016869315,0.00016869315,0.00016869315,0.00016869315,0.00016869315,0.00016869315,0.00016869315,0.00016869315,0.00016869315,0.00016869315,0.00016869315,0.00016869315,0.00016869315,0.00016869315,0.00016869315,0.00016869315,0.00016869315,0.00016869315,0.00016869315,0.00016869315,0.00016869315,0.00016869315,0.99139637,0.00016869315,0.00016869315,0.00016869315,0.00016869315,0.00016869315,0.00016869315,0.00016869315,0.00016869315,0.00016869315,0.00016869315,0.00016869315
9414118,146,9,0.00040918018,0.00040918018,0.00040918018,0.00040918018,0.00040918018,0.00040918018,0.00040918018,0.00040918018,0.00040918018,0.00040918018,0.00040918018,0.00040918018,0.00040918018,0.00040918018,0.00040918018,0.00040918018,0.00040918018,0.00040918018,0.00040918018,0.00040918018,0.00040918018,0.00040918018,0.00040918018,0.00040918018,0.00040918018,0.00040918018,0.00040918018,0.00040918018,0.00040918018,0.00040918018,0.00040918018,0.00040918018,0.00040918018,0.00040918018,0.00040918018,0.00040918018,0.00040918018,0.00040918018,0.00040918018,0.00040918018,0.00040918018,0.15245189,0.00040918018,0.00040918018,0.00040918018,0.00040918018,0.00040918018,0.00040918018,0.00040918018,0.82708913,0.00040918018,0.00040918018
9546792,146,9,0.00037709728,0.00037709728,0.00037709728,0.00037709728,0.00037709728,0.00037709728,0.00037709728,0.00037709728,0.00037709728,0.00037709728,0.00037709728,0.00037709728,0.00037709728,0.00037709728,0.00037709728,0.00037709728,0.00037709728,0.00037709728,0.00037709728,0.00037709728,0.00037709728,0.00037709728,0.00037709728,0.00037709728,0.00037709728,0.00037709728,0.00037709728,0.00037709728,0.00037709728,0.00037709728,0.00037709728,0.00037709728,0.00037709728,0.00037709728,0.00037709728,0.00037709728,0.00037709728,0.00037709728,0.00037709728,0.00037709728,0.00037709728,0.00037709728,0.00037709728,0.00037709728,0.00037709728,0.00037709728,0.00037709728,0.00037709728,0.9807681,0.00037709728,0.00037709728,0.00037709728
9622000,146,9,0.0004578966,0.0004578966,0.0004578966,0.0004578966,0.0004578966,0.0004578966,0.0004578966,0.0004578966,0.0004578966,0.0004578966,0.0004578966,0.0004578966,0.0004578966,0.0004578966,0.0004578966,0.0004578966,0.0004578966,0.0004578966,0.0004578966,0.0004578966,0.0004578966,0.0004578966,0.0004578966,0.0004578966,0.0004578966,0.0004578966,0.0004578966,0.0004578966,0.0004578966,0.0004578966,0.0004578966,0.0004578966,0.0004578966,0.0004578966,0.0004578966,0.0004578966,0.0004578966,0.0004578966,0.0004578966,0.0004578966,0.0004578966,0.0004578966,0.0004578966,0.0004578966,0.0004578966,0.0004578966,0.0004578966,0.0004578966,0.9766473,0.0004578966,0.0004578966,0.0004578966
9652956,146,9,0.00017171187,0.00017171187,0.00017171187,0.00017171187,0.00017171187,0.00017171187,0.00017171187,0.00017171187,0.00017171187,0.00017171187,0.00017171187,0.00017171187,0.00017171187,0.00017171187,0.00017171187,0.00017171187,0.00017171187,0.00017171187,0.00017171187,0.00017171187,0.00017171187,0.00017171187,0.00017171187,0.00017171187,0.00017171187,0.00017171187,0.00017171187,0.00017171187,0.00017171187,0.00017171187,0.00017171187,0.00017171187,0.00017171187,0.00017171187,0.00017171187,0.00017171187,0.00017171187,0.00017171187,0.00017171187,0.00017171187,0.00017171187,0.8951948,0.00017171187,0.00017171187,0.00017171187,0.00017171187,0.00017171187,0.00017171187,0.09621936,0.00017171187,0.00017171187,0.00017171187
9746908,146,9,0.00019624834,0.00019624834,0.00019624834,0.00019624834,0.00019624834,0.00019624834,0.00019624834,0.00019624834,0.00019624834,0.00019624834,0.00019624834,0.00019624834,0.00019624834,0.00019624834,0.00019624834,0.00019624834,0.00019624834,0.00019624834,0.00019624834,0.00019624834,0.00019624834,0.00019624834,0.00019624834,0.00019624834,0.00019624834,0.00019624834,0.00019624834,0.00019624834,0.00019624834,0.00019624834,0.00019624834,0.00019624834,0.00019624834,0.00019624834,0.00019624834,0.00019624834,0.00019624834,0.00019624834,0.00019624834,0.00019624834,0.00019624834,0.19595633,0.00019624834,0.00019624834,0.00019624834,0.00019624834,0.00019624834,0.00019624834,0.79423124,0.00019624834,0.00019624834,0.00019624834
10037474,146,9,0.00034965886,0.00034965886,0.00034965886,0.00034965886,0.00034965886,0.98216814,0.00034965886,0.00034965886,0.00034965886,0.00034965886,0.00034965886,0.00034965886,0.00034965886,0.00034965886,0.00034965886,0.00034965886,0.00034965886,0.00034965886,0.00034965886,0.00034965886,0.00034965886,0.00034965886,0.00034965886,0.00034965886,0.00034965886,0.00034965886,0.00034965886,0.00034965886,0.00034965886,0.00034965886,0.00034965886,0.00034965886,0.00034965886,0.00034965886,0.00034965886,0.00034965886,0.00034965886,0.00034965886,0.00034965886,0.00034965886,0.00034965886,0.00034965886,0.00034965886,0.00034965886,0.00034965886,0.00034965886,0.00034965886,0.00034965886,0.00034965886,0.00034965886,0.00034965886,0.00034965886
10090481,146,9,0.00032053218,0.00032053218,0.00032053218,0.00032053218,0.00032053218,0.16164955,0.00032053218,0.00032053218,0.00032053218,0.00032053218,0.00032053218,0.00032053218,0.00032053218,0.00032053218,0.00032053218,0.00032053218,0.00032053218,0.00032053218,0.00032053218,0.00032053218,0.00032053218,0.00032053218,0.00032053218,0.00032053218,0.00032053218,0.00032053218,0.00032053218,0.00032053218,0.00032053218,0.00032053218,0.00032053218,0.00032053218,0.00032053218,0.00032053218,0.00032053218,0.00032053218,0.00032053218,0.00032053218,0.00032053218,0.00032053218,0.33326793,0.00032053218,0.00032053218,0.00032053218,0.00032053218,0.00032053218,0.00032053218,0.00032053218,0.48937657,0.00032053218,0.00032053218,0.00032053218
10206644,146,9,0.6608978,0.00022625783,0.00022625783,0.00022625783,0.00022625783,0.00022625783,0.00022625783,0.00022625783,0.00022625783,0.00022625783,0.00022625783,0.00022625783,0.00022625783,0.00022625783,0.00022625783,0.00022625783,0.00022625783,0.00022625783,0.00022625783,0.00022625783,0.00022625783,0.00022625783,0.00022625783,0.00022625783,0.00022625783,0.00022625783,0.00022625783,0.00022625783,0.00022625783,0.00022625783,0.00022625783,0.00022625783,0.00022625783,0.00022625783,0.00022625783,0.00022625783,0.00022625783,0.00022625783,0.00022625783,0.00022625783,0.00022625783,0.32778937,0.00022625783,0.00022625783,0.00022625783,0.00022625783,0.00022625783,0.00022625783,0.00022625783,0.00022625783,0.00022625783,0.00022625783
10430510,146,9,0.00038462863,0.00038462863,0.00038462863,0.00038462863,0.00038462863,0.00038462863,0.00038462863,0.00038462863,0.00038462863,0.00038462863,0.00038462863,0.00038462863,0.00038462863,0.00038462863,0.00038462863,0.00038462863,0.00038462863,0.00038462863,0.00038462863,0.00038462863,0.00038462863,0.98038447,0.00038462863,0.00038462863,0.00038462863,0.00038462863,0.00038462863,0.00038462863,0.00038462863,0.00038462863,0.00038462863,0.00038462863,0.00038462863,0.00038462863,0.00038462863,0.00038462863,0.00038462863,0.00038462863,0.00038462863,0.00038462863,0.00038462863,0.00038462863,0.00038462863,0.00038462863,0.00038462863,0.00038462863,0.00038462863,0.00038462863,0.00038462863,0.00038462863,0.00038462863,0.00038462863
10463234,146,9,0.0004370803,0.77877647,0.0004370803,0.0004370803,0.0004370803,0.0004370803,0.0004370803,0.0004370803,0.0004370803,0.0004370803,0.0004370803,0.0004370803,0.0004370803,0.0004370803,0.0004370803,0.0004370803,0.0004370803,0.0004370803,0.0004370803,0.0004370803,0.0004370803,0.0004370803,0.0004370803,0.0004370803,0.0004370803,0.0004370803,0.0004370803,0.0004370803,0.0004370803,0.0004370803,0.0004370803,0.0004370803,0.0004370803,0.0004370803,0.0004370803,0.0004370803,0.0004370803,0.0004370803,0.0004370803,0.0004370803,0.1993705,0.0004370803,0.0004370803,0.0004370803,0.0004370803,0.0004370803,0.0004370803,0.0004370803,0.0004370803,0.0004370803,0.0004370803,0.0004370803
10468510,146,9,0.00022106094,0.00022106094,0.00022106094,0.00022106094,0.00022106094,0.00022106094,0.00022106094,0.00022106094,0.00022106094,0.00022106094,0.00022106094,0.00022106094,0.00022106094,0.00022106094,0.00022106094,0.00022106094,0.00022106094,0.00022106094,0.00022106094,0.00022106094,0.00022106094,0.00022106094,0.00022106094,0.00022106094,0.00022106094,0.00022106094,0.00022106094,0.00022106094,0.00022106094,0.00022106094,0.00022106094,0.00022106094,0.00022106094,0.00022106094,0.00022106094,0.032637816,0.00022106094,0.00022106094,0.00022106094,0.00022106094,0.062978745,0.00022106094,0.00022106094,0.00022106094,0.10544756,0.00022106094,0.00022106094,0.00022106094,0.7883249,0.00022106094,0.00022106094,0.00022106094
10526115,146,9,0.00025305295,0.00025305295,0.00025305295,0.00025305295,0.00025305295,0.29026747,0.00025305295,0.00025305295,0.00025305295,0.00025305295,0.00025305295,0.48235944,0.00025305295,0.00025305295,0.00025305295,0.00025305295,0.00025305295,0.00025305295,0.00025305295,0.00025305295,0.00025305295,0.00025305295,0.00025305295,0.00025305295,0.00025305295,0.00025305295,0.00025305295,0.00025305295,0.00025305295,0.00025305295,0.00025305295,0.00025305295,0.00025305295,0.00025305295,0.00025305295,0.00025305295,0.00025305295,0.00025305295,0.00025305295,0.00025305295,0.00025305295,0.00025305295,0.00025305295,0.00025305295,0.00025305295,0.00025305295,0.00025305295,0.00025305295,0.21497385,0.00025305295,0.00025305295,0.00025305295
10573013,146,9,0.00033157418,0.00033157418,0.00033157418,0.00033157418,0.00033157418,0.00033157418,0.00033157418,0.00033157418,0.60208654,0.00033157418,0.00033157418,0.00033157418,0.00033157418,0.00033157418,0.00033157418,0.00033157418,0.00033157418,0.00033157418,0.00033157418,0.00033157418,0.00033157418,0.00033157418,0.00033157418,0.00033157418,0.00033157418,0.00033157418,0.00033157418,0.00033157418,0.00033157418,0.00033157418,0.00033157418,0.00033157418,0.00033157418,0.00033157418,0.00033157418,0.00033157418,0.00033157418,0.00033157418,0.00033157418,0.00033157418,0.3813354,0.00033157418,0.00033157418,0.00033157418,0.00033157418,0.00033157418,0.00033157418,0.00033157418,0.00033157418,0.00033157418,0.00033157418,0.00033157418
10587643,146,9,0.26768497,0.00027474688,0.00027474688,0.00027474688,0.00027474688,0.26012537,0.00027474688,0.00027474688,0.00027474688,0.00027474688,0.00027474688,0.00027474688,0.00027474688,0.00027474688,0.00027474688,0.00027474688,0.00027474688,0.00027474688,0.00027474688,0.00027474688,0.00027474688,0.00027474688,0.00027474688,0.00027474688,0.00027474688,0.00027474688,0.00027474688,0.030072678,0.00027474688,0.00027474688,0.00027474688,0.00027474688,0.00027474688,0.00027474688,0.00027474688,0.00027474688,0.00027474688,0.00027474688,0.00027474688,0.00027474688,0.00027474688,0.14243008,0.00027474688,0.00027474688,0.00027474688,0.11923749,0.00027474688,0.00027474688,0.16781147,0.00027474688,0.00027474688,0.00027474688
10607841,146,9,0.00032596913,0.00032596913,0.00032596913,0.00032596913,0.00032596913,0.00032596913,0.00032596913,0.00032596913,0.34677365,0.00032596913,0.00032596913,0.00032596913,0.00032596913,0.00032596913,0.00032596913,0.00032596913,0.00032596913,0.00032596913,0.00032596913,0.00032596913,0.00032596913,0.00032596913,0.00032596913,0.00032596913,0.00032596913,0.00032596913,0.00032596913,0.00032596913,0.00032596913,0.00032596913,0.00032596913,0.00032596913,0.00032596913,0.00032596913,0.00032596913,0.00032596913,0.00032596913,0.00032596913,0.00032596913,0.4457243,0.00032596913,0.19153021,0.00032596913,0.00032596913,0.00032596913,0.00032596913,0.00032596913,0.00032596913,0.00032596913,0.00032596913,0.00032596913,0.00032596913
10754226,146,9,0.00031527822,0.22771655,0.00031527822,0.00031527822,0.00031527822,0.00031527822,0.00031527822,0.00031527822,0.00031527822,0.00031527822,0.00031527822,0.00031527822,0.00031527822,0.00031527822,0.00031527822,0.00031527822,0.00031527822,0.00031527822,0.00031527822,0.00031527822,0.00031527822,0.00031527822,0.00031527822,0.00031527822,0.00031527822,0.00031527822,0.00031527822,0.00031527822,0.00031527822,0.00031527822,0.00031527822,0.00031527822,0.00031527822,0.00031527822,0.00031527822,0.00031527822,0.00031527822,0.00031527822,0.00031527822,0.00031527822,0.00031527822,0.00031527822,0.00031527822,0.00031527822,0.00031527822,0.00031527822,0.00031527822,0.00031527822,0.75651956,0.00031527822,0.00031527822,0.00031527822
12451676,146,9,0.00019231596,0.00019231596,0.00019231596,0.00019231596,0.00019231596,0.00019231596,0.00019231596,0.00019231596,0.00019231596,0.00019231596,0.00019231596,0.00019231596,0.00019231596,0.00019231596,0.00019231596,0.00019231596,0.00019231596,0.00019231596,0.00019231596,0.00019231596,0.00019231596,0.00019231596,0.00019231596,0.00019231596,0.00019231596,0.00019231596,0.00019231596,0.00019231596,0.00019231596,0.00019231596,0.00019231596,0.037799448,0.00019231596,0.00019231596,0.00019231596,0.00019231596,0.00019231596,0.00019231596,0.00019231596,0.00019231596,0.00019231596,0.00019231596,0.00019231596,0.00019231596,0.00019231596,0.00019231596,0.00019231596,0.00019231596,0.9525846,0.00019231596,0.00019231596,0.00019231596
